 !FromTopology={TP2base}

 !ToTopology={TP2}


 !NewElementMapDefinition
           1          49
         0.0000000000000000        1.0000000000000000        0.0000000000000000     
         1.0000000000000000        1.0000000000000000        0.0000000000000000     
         0.0000000000000000        1.0000000000000000        1.0000000000000000     
         1.0000000000000000        1.0000000000000000        1.0000000000000000     

 !NewElementMapDefinition
           2         348
         0.0000000000000000        1.0000000000000000        0.0000000000000000     
         1.0000000000000000        1.0000000000000000        0.0000000000000000     
         0.0000000000000000        1.0000000000000000        1.0000000000000000     
         1.0000000000000000        1.0000000000000000        1.0000000000000000     

 !NewElementMapDefinition
           3         114
         0.0000000000000000        1.0000000000000000        0.0000000000000000     
         1.0000000000000000        1.0000000000000000        0.0000000000000000     
         0.0000000000000000        1.0000000000000000        1.0000000000000000     
         1.0000000000000000        1.0000000000000000        1.0000000000000000     

 !NewElementMapDefinition
           4         127
         0.0000000000000000        1.0000000000000000        0.0000000000000000     
         1.0000000000000000        1.0000000000000000        0.0000000000000000     
         0.0000000000000000        1.0000000000000000        1.0000000000000000     
         1.0000000000000000        1.0000000000000000        1.0000000000000000     

 !NewElementMapDefinition
           5         192
         0.0000000000000000        1.0000000000000000        0.0000000000000000     
         1.0000000000000000        1.0000000000000000        0.0000000000000000     
         0.0000000000000000        1.0000000000000000        1.0000000000000000     
         1.0000000000000000        1.0000000000000000        1.0000000000000000     

 !NewElementMapDefinition
           6         205
         0.0000000000000000        1.0000000000000000        0.0000000000000000     
         1.0000000000000000        1.0000000000000000        0.0000000000000000     
         0.0000000000000000        1.0000000000000000        1.0000000000000000     
         1.0000000000000000        1.0000000000000000        1.0000000000000000     

 !NewElementMapDefinition
           7         270
         0.0000000000000000        1.0000000000000000        0.0000000000000000     
         1.0000000000000000        1.0000000000000000        0.0000000000000000     
         0.0000000000000000        1.0000000000000000        1.0000000000000000     
         1.0000000000000000        1.0000000000000000        1.0000000000000000     

 !NewElementMapDefinition
           8         283
         0.0000000000000000        1.0000000000000000        0.0000000000000000     
         1.0000000000000000        1.0000000000000000        0.0000000000000000     
         0.0000000000000000        1.0000000000000000        1.0000000000000000     
         1.0000000000000000        1.0000000000000000        1.0000000000000000     

 !NewElementMapDefinition
           9          62
         0.0000000000000000        1.0000000000000000        0.0000000000000000     
         1.0000000000000000        1.0000000000000000        0.0000000000000000     
         0.0000000000000000        1.0000000000000000        1.0000000000000000     
         1.0000000000000000        1.0000000000000000        1.0000000000000000     

 !NewElementMapDefinition
          10          75
         0.0000000000000000        1.0000000000000000        0.0000000000000000     
         1.0000000000000000        1.0000000000000000        0.0000000000000000     
         0.0000000000000000        1.0000000000000000        1.0000000000000000     
         1.0000000000000000        1.0000000000000000        1.0000000000000000     

 !NewElementMapDefinition
          11          88
         0.0000000000000000        1.0000000000000000        0.0000000000000000     
         1.0000000000000000        1.0000000000000000        0.0000000000000000     
         0.0000000000000000        1.0000000000000000        1.0000000000000000     
         1.0000000000000000        1.0000000000000000        1.0000000000000000     

 !NewElementMapDefinition
          12         101
         0.0000000000000000        1.0000000000000000        0.0000000000000000     
         1.0000000000000000        1.0000000000000000        0.0000000000000000     
         0.0000000000000000        1.0000000000000000        1.0000000000000000     
         1.0000000000000000        1.0000000000000000        1.0000000000000000     

 !NewElementMapDefinition
          13         140
         0.0000000000000000        1.0000000000000000        0.0000000000000000     
         1.0000000000000000        1.0000000000000000        0.0000000000000000     
         0.0000000000000000        1.0000000000000000        1.0000000000000000     
         1.0000000000000000        1.0000000000000000        1.0000000000000000     

 !NewElementMapDefinition
          14         153
         0.0000000000000000        1.0000000000000000        0.0000000000000000     
         1.0000000000000000        1.0000000000000000        0.0000000000000000     
         0.0000000000000000        1.0000000000000000        1.0000000000000000     
         1.0000000000000000        1.0000000000000000        1.0000000000000000     

 !NewElementMapDefinition
          15         166
         0.0000000000000000        1.0000000000000000        0.0000000000000000     
         1.0000000000000000        1.0000000000000000        0.0000000000000000     
         0.0000000000000000        1.0000000000000000        1.0000000000000000     
         1.0000000000000000        1.0000000000000000        1.0000000000000000     

 !NewElementMapDefinition
          16         179
         0.0000000000000000        1.0000000000000000        0.0000000000000000     
         1.0000000000000000        1.0000000000000000        0.0000000000000000     
         0.0000000000000000        1.0000000000000000        1.0000000000000000     
         1.0000000000000000        1.0000000000000000        1.0000000000000000     

 !NewElementMapDefinition
          17         218
         0.0000000000000000        1.0000000000000000        0.0000000000000000     
         1.0000000000000000        1.0000000000000000        0.0000000000000000     
         0.0000000000000000        1.0000000000000000        1.0000000000000000     
         1.0000000000000000        1.0000000000000000        1.0000000000000000     

 !NewElementMapDefinition
          18         231
         0.0000000000000000        1.0000000000000000        0.0000000000000000     
         1.0000000000000000        1.0000000000000000        0.0000000000000000     
         0.0000000000000000        1.0000000000000000        1.0000000000000000     
         1.0000000000000000        1.0000000000000000        1.0000000000000000     

 !NewElementMapDefinition
          19         244
         0.0000000000000000        1.0000000000000000        0.0000000000000000     
         1.0000000000000000        1.0000000000000000        0.0000000000000000     
         0.0000000000000000        1.0000000000000000        1.0000000000000000     
         1.0000000000000000        1.0000000000000000        1.0000000000000000     

 !NewElementMapDefinition
          20         257
         0.0000000000000000        1.0000000000000000        0.0000000000000000     
         1.0000000000000000        1.0000000000000000        0.0000000000000000     
         0.0000000000000000        1.0000000000000000        1.0000000000000000     
         1.0000000000000000        1.0000000000000000        1.0000000000000000     

 !NewElementMapDefinition
          21         296
         0.0000000000000000        1.0000000000000000        0.0000000000000000     
         1.0000000000000000        1.0000000000000000        0.0000000000000000     
         0.0000000000000000        1.0000000000000000        1.0000000000000000     
         1.0000000000000000        1.0000000000000000        1.0000000000000000     

 !NewElementMapDefinition
          22         309
         0.0000000000000000        1.0000000000000000        0.0000000000000000     
         1.0000000000000000        1.0000000000000000        0.0000000000000000     
         0.0000000000000000        1.0000000000000000        1.0000000000000000     
         1.0000000000000000        1.0000000000000000        1.0000000000000000     

 !NewElementMapDefinition
          23         322
         0.0000000000000000        1.0000000000000000        0.0000000000000000     
         1.0000000000000000        1.0000000000000000        0.0000000000000000     
         0.0000000000000000        1.0000000000000000        1.0000000000000000     
         1.0000000000000000        1.0000000000000000        1.0000000000000000     

 !NewElementMapDefinition
          24         335
         0.0000000000000000        1.0000000000000000        0.0000000000000000     
         1.0000000000000000        1.0000000000000000        0.0000000000000000     
         0.0000000000000000        1.0000000000000000        1.0000000000000000     
         1.0000000000000000        1.0000000000000000        1.0000000000000000     

 !NewElementMapDefinition
          25         397
         0.0000000000000000        1.0000000000000000        0.0000000000000000     
         1.0000000000000000        1.0000000000000000        0.0000000000000000     
         0.0000000000000000        1.0000000000000000        1.0000000000000000     
         1.0000000000000000        1.0000000000000000        1.0000000000000000     

 !NewElementMapDefinition
          26         696
         0.0000000000000000        1.0000000000000000        0.0000000000000000     
         1.0000000000000000        1.0000000000000000        0.0000000000000000     
         0.0000000000000000        1.0000000000000000        1.0000000000000000     
         1.0000000000000000        1.0000000000000000        1.0000000000000000     

 !NewElementMapDefinition
          27         462
         0.0000000000000000        1.0000000000000000        0.0000000000000000     
         1.0000000000000000        1.0000000000000000        0.0000000000000000     
         0.0000000000000000        1.0000000000000000        1.0000000000000000     
         1.0000000000000000        1.0000000000000000        1.0000000000000000     

 !NewElementMapDefinition
          28         475
         0.0000000000000000        1.0000000000000000        0.0000000000000000     
         1.0000000000000000        1.0000000000000000        0.0000000000000000     
         0.0000000000000000        1.0000000000000000        1.0000000000000000     
         1.0000000000000000        1.0000000000000000        1.0000000000000000     

 !NewElementMapDefinition
          29         540
         0.0000000000000000        1.0000000000000000        0.0000000000000000     
         1.0000000000000000        1.0000000000000000        0.0000000000000000     
         0.0000000000000000        1.0000000000000000        1.0000000000000000     
         1.0000000000000000        1.0000000000000000        1.0000000000000000     

 !NewElementMapDefinition
          30         553
         0.0000000000000000        1.0000000000000000        0.0000000000000000     
         1.0000000000000000        1.0000000000000000        0.0000000000000000     
         0.0000000000000000        1.0000000000000000        1.0000000000000000     
         1.0000000000000000        1.0000000000000000        1.0000000000000000     

 !NewElementMapDefinition
          31         618
         0.0000000000000000        1.0000000000000000        0.0000000000000000     
         1.0000000000000000        1.0000000000000000        0.0000000000000000     
         0.0000000000000000        1.0000000000000000        1.0000000000000000     
         1.0000000000000000        1.0000000000000000        1.0000000000000000     

 !NewElementMapDefinition
          32         631
         0.0000000000000000        1.0000000000000000        0.0000000000000000     
         1.0000000000000000        1.0000000000000000        0.0000000000000000     
         0.0000000000000000        1.0000000000000000        1.0000000000000000     
         1.0000000000000000        1.0000000000000000        1.0000000000000000     

 !NewElementMapDefinition
          33         410
         0.0000000000000000        1.0000000000000000        0.0000000000000000     
         1.0000000000000000        1.0000000000000000        0.0000000000000000     
         0.0000000000000000        1.0000000000000000        1.0000000000000000     
         1.0000000000000000        1.0000000000000000        1.0000000000000000     

 !NewElementMapDefinition
          34         423
         0.0000000000000000        1.0000000000000000        0.0000000000000000     
         1.0000000000000000        1.0000000000000000        0.0000000000000000     
         0.0000000000000000        1.0000000000000000        1.0000000000000000     
         1.0000000000000000        1.0000000000000000        1.0000000000000000     

 !NewElementMapDefinition
          35         436
         0.0000000000000000        1.0000000000000000        0.0000000000000000     
         1.0000000000000000        1.0000000000000000        0.0000000000000000     
         0.0000000000000000        1.0000000000000000        1.0000000000000000     
         1.0000000000000000        1.0000000000000000        1.0000000000000000     

 !NewElementMapDefinition
          36         449
         0.0000000000000000        1.0000000000000000        0.0000000000000000     
         1.0000000000000000        1.0000000000000000        0.0000000000000000     
         0.0000000000000000        1.0000000000000000        1.0000000000000000     
         1.0000000000000000        1.0000000000000000        1.0000000000000000     

 !NewElementMapDefinition
          37         488
         0.0000000000000000        1.0000000000000000        0.0000000000000000     
         1.0000000000000000        1.0000000000000000        0.0000000000000000     
         0.0000000000000000        1.0000000000000000        1.0000000000000000     
         1.0000000000000000        1.0000000000000000        1.0000000000000000     

 !NewElementMapDefinition
          38         501
         0.0000000000000000        1.0000000000000000        0.0000000000000000     
         1.0000000000000000        1.0000000000000000        0.0000000000000000     
         0.0000000000000000        1.0000000000000000        1.0000000000000000     
         1.0000000000000000        1.0000000000000000        1.0000000000000000     

 !NewElementMapDefinition
          39         514
         0.0000000000000000        1.0000000000000000        0.0000000000000000     
         1.0000000000000000        1.0000000000000000        0.0000000000000000     
         0.0000000000000000        1.0000000000000000        1.0000000000000000     
         1.0000000000000000        1.0000000000000000        1.0000000000000000     

 !NewElementMapDefinition
          40         527
         0.0000000000000000        1.0000000000000000        0.0000000000000000     
         1.0000000000000000        1.0000000000000000        0.0000000000000000     
         0.0000000000000000        1.0000000000000000        1.0000000000000000     
         1.0000000000000000        1.0000000000000000        1.0000000000000000     

 !NewElementMapDefinition
          41         566
         0.0000000000000000        1.0000000000000000        0.0000000000000000     
         1.0000000000000000        1.0000000000000000        0.0000000000000000     
         0.0000000000000000        1.0000000000000000        1.0000000000000000     
         1.0000000000000000        1.0000000000000000        1.0000000000000000     

 !NewElementMapDefinition
          42         579
         0.0000000000000000        1.0000000000000000        0.0000000000000000     
         1.0000000000000000        1.0000000000000000        0.0000000000000000     
         0.0000000000000000        1.0000000000000000        1.0000000000000000     
         1.0000000000000000        1.0000000000000000        1.0000000000000000     

 !NewElementMapDefinition
          43         592
         0.0000000000000000        1.0000000000000000        0.0000000000000000     
         1.0000000000000000        1.0000000000000000        0.0000000000000000     
         0.0000000000000000        1.0000000000000000        1.0000000000000000     
         1.0000000000000000        1.0000000000000000        1.0000000000000000     

 !NewElementMapDefinition
          44         605
         0.0000000000000000        1.0000000000000000        0.0000000000000000     
         1.0000000000000000        1.0000000000000000        0.0000000000000000     
         0.0000000000000000        1.0000000000000000        1.0000000000000000     
         1.0000000000000000        1.0000000000000000        1.0000000000000000     

 !NewElementMapDefinition
          45         644
         0.0000000000000000        1.0000000000000000        0.0000000000000000     
         1.0000000000000000        1.0000000000000000        0.0000000000000000     
         0.0000000000000000        1.0000000000000000        1.0000000000000000     
         1.0000000000000000        1.0000000000000000        1.0000000000000000     

 !NewElementMapDefinition
          46         657
         0.0000000000000000        1.0000000000000000        0.0000000000000000     
         1.0000000000000000        1.0000000000000000        0.0000000000000000     
         0.0000000000000000        1.0000000000000000        1.0000000000000000     
         1.0000000000000000        1.0000000000000000        1.0000000000000000     

 !NewElementMapDefinition
          47         670
         0.0000000000000000        1.0000000000000000        0.0000000000000000     
         1.0000000000000000        1.0000000000000000        0.0000000000000000     
         0.0000000000000000        1.0000000000000000        1.0000000000000000     
         1.0000000000000000        1.0000000000000000        1.0000000000000000     

 !NewElementMapDefinition
          48         683
         0.0000000000000000        1.0000000000000000        0.0000000000000000     
         1.0000000000000000        1.0000000000000000        0.0000000000000000     
         0.0000000000000000        1.0000000000000000        1.0000000000000000     
         1.0000000000000000        1.0000000000000000        1.0000000000000000     

 !NewElementMapDefinition
          49         745
         0.0000000000000000        1.0000000000000000        0.0000000000000000     
         1.0000000000000000        1.0000000000000000        0.0000000000000000     
         0.0000000000000000        1.0000000000000000        1.0000000000000000     
         1.0000000000000000        1.0000000000000000        1.0000000000000000     

 !NewElementMapDefinition
          50        1044
         0.0000000000000000        1.0000000000000000        0.0000000000000000     
         1.0000000000000000        1.0000000000000000        0.0000000000000000     
         0.0000000000000000        1.0000000000000000        1.0000000000000000     
         1.0000000000000000        1.0000000000000000        1.0000000000000000     

 !NewElementMapDefinition
          51         810
         0.0000000000000000        1.0000000000000000        0.0000000000000000     
         1.0000000000000000        1.0000000000000000        0.0000000000000000     
         0.0000000000000000        1.0000000000000000        1.0000000000000000     
         1.0000000000000000        1.0000000000000000        1.0000000000000000     

 !NewElementMapDefinition
          52         823
         0.0000000000000000        1.0000000000000000        0.0000000000000000     
         1.0000000000000000        1.0000000000000000        0.0000000000000000     
         0.0000000000000000        1.0000000000000000        1.0000000000000000     
         1.0000000000000000        1.0000000000000000        1.0000000000000000     

 !NewElementMapDefinition
          53         888
         0.0000000000000000        1.0000000000000000        0.0000000000000000     
         1.0000000000000000        1.0000000000000000        0.0000000000000000     
         0.0000000000000000        1.0000000000000000        1.0000000000000000     
         1.0000000000000000        1.0000000000000000        1.0000000000000000     

 !NewElementMapDefinition
          54         901
         0.0000000000000000        1.0000000000000000        0.0000000000000000     
         1.0000000000000000        1.0000000000000000        0.0000000000000000     
         0.0000000000000000        1.0000000000000000        1.0000000000000000     
         1.0000000000000000        1.0000000000000000        1.0000000000000000     

 !NewElementMapDefinition
          55         966
         0.0000000000000000        1.0000000000000000        0.0000000000000000     
         1.0000000000000000        1.0000000000000000        0.0000000000000000     
         0.0000000000000000        1.0000000000000000        1.0000000000000000     
         1.0000000000000000        1.0000000000000000        1.0000000000000000     

 !NewElementMapDefinition
          56         979
         0.0000000000000000        1.0000000000000000        0.0000000000000000     
         1.0000000000000000        1.0000000000000000        0.0000000000000000     
         0.0000000000000000        1.0000000000000000        1.0000000000000000     
         1.0000000000000000        1.0000000000000000        1.0000000000000000     

 !NewElementMapDefinition
          57         758
         0.0000000000000000        1.0000000000000000        0.0000000000000000     
         1.0000000000000000        1.0000000000000000        0.0000000000000000     
         0.0000000000000000        1.0000000000000000        1.0000000000000000     
         1.0000000000000000        1.0000000000000000        1.0000000000000000     

 !NewElementMapDefinition
          58         771
         0.0000000000000000        1.0000000000000000        0.0000000000000000     
         1.0000000000000000        1.0000000000000000        0.0000000000000000     
         0.0000000000000000        1.0000000000000000        1.0000000000000000     
         1.0000000000000000        1.0000000000000000        1.0000000000000000     

 !NewElementMapDefinition
          59         784
         0.0000000000000000        1.0000000000000000        0.0000000000000000     
         1.0000000000000000        1.0000000000000000        0.0000000000000000     
         0.0000000000000000        1.0000000000000000        1.0000000000000000     
         1.0000000000000000        1.0000000000000000        1.0000000000000000     

 !NewElementMapDefinition
          60         797
         0.0000000000000000        1.0000000000000000        0.0000000000000000     
         1.0000000000000000        1.0000000000000000        0.0000000000000000     
         0.0000000000000000        1.0000000000000000        1.0000000000000000     
         1.0000000000000000        1.0000000000000000        1.0000000000000000     

 !NewElementMapDefinition
          61         836
         0.0000000000000000        1.0000000000000000        0.0000000000000000     
         1.0000000000000000        1.0000000000000000        0.0000000000000000     
         0.0000000000000000        1.0000000000000000        1.0000000000000000     
         1.0000000000000000        1.0000000000000000        1.0000000000000000     

 !NewElementMapDefinition
          62         849
         0.0000000000000000        1.0000000000000000        0.0000000000000000     
         1.0000000000000000        1.0000000000000000        0.0000000000000000     
         0.0000000000000000        1.0000000000000000        1.0000000000000000     
         1.0000000000000000        1.0000000000000000        1.0000000000000000     

 !NewElementMapDefinition
          63         862
         0.0000000000000000        1.0000000000000000        0.0000000000000000     
         1.0000000000000000        1.0000000000000000        0.0000000000000000     
         0.0000000000000000        1.0000000000000000        1.0000000000000000     
         1.0000000000000000        1.0000000000000000        1.0000000000000000     

 !NewElementMapDefinition
          64         875
         0.0000000000000000        1.0000000000000000        0.0000000000000000     
         1.0000000000000000        1.0000000000000000        0.0000000000000000     
         0.0000000000000000        1.0000000000000000        1.0000000000000000     
         1.0000000000000000        1.0000000000000000        1.0000000000000000     

 !NewElementMapDefinition
          65         914
         0.0000000000000000        1.0000000000000000        0.0000000000000000     
         1.0000000000000000        1.0000000000000000        0.0000000000000000     
         0.0000000000000000        1.0000000000000000        1.0000000000000000     
         1.0000000000000000        1.0000000000000000        1.0000000000000000     

 !NewElementMapDefinition
          66         927
         0.0000000000000000        1.0000000000000000        0.0000000000000000     
         1.0000000000000000        1.0000000000000000        0.0000000000000000     
         0.0000000000000000        1.0000000000000000        1.0000000000000000     
         1.0000000000000000        1.0000000000000000        1.0000000000000000     

 !NewElementMapDefinition
          67         940
         0.0000000000000000        1.0000000000000000        0.0000000000000000     
         1.0000000000000000        1.0000000000000000        0.0000000000000000     
         0.0000000000000000        1.0000000000000000        1.0000000000000000     
         1.0000000000000000        1.0000000000000000        1.0000000000000000     

 !NewElementMapDefinition
          68         953
         0.0000000000000000        1.0000000000000000        0.0000000000000000     
         1.0000000000000000        1.0000000000000000        0.0000000000000000     
         0.0000000000000000        1.0000000000000000        1.0000000000000000     
         1.0000000000000000        1.0000000000000000        1.0000000000000000     

 !NewElementMapDefinition
          69         992
         0.0000000000000000        1.0000000000000000        0.0000000000000000     
         1.0000000000000000        1.0000000000000000        0.0000000000000000     
         0.0000000000000000        1.0000000000000000        1.0000000000000000     
         1.0000000000000000        1.0000000000000000        1.0000000000000000     

 !NewElementMapDefinition
          70        1005
         0.0000000000000000        1.0000000000000000        0.0000000000000000     
         1.0000000000000000        1.0000000000000000        0.0000000000000000     
         0.0000000000000000        1.0000000000000000        1.0000000000000000     
         1.0000000000000000        1.0000000000000000        1.0000000000000000     

 !NewElementMapDefinition
          71        1018
         0.0000000000000000        1.0000000000000000        0.0000000000000000     
         1.0000000000000000        1.0000000000000000        0.0000000000000000     
         0.0000000000000000        1.0000000000000000        1.0000000000000000     
         1.0000000000000000        1.0000000000000000        1.0000000000000000     

 !NewElementMapDefinition
          72        1031
         0.0000000000000000        1.0000000000000000        0.0000000000000000     
         1.0000000000000000        1.0000000000000000        0.0000000000000000     
         0.0000000000000000        1.0000000000000000        1.0000000000000000     
         1.0000000000000000        1.0000000000000000        1.0000000000000000     

 !NewElementMapDefinition
          73        1093
         0.0000000000000000        1.0000000000000000        0.0000000000000000     
         1.0000000000000000        1.0000000000000000        0.0000000000000000     
         0.0000000000000000        1.0000000000000000        1.0000000000000000     
         1.0000000000000000        1.0000000000000000        1.0000000000000000     

 !NewElementMapDefinition
          74        1392
         0.0000000000000000        1.0000000000000000        0.0000000000000000     
         1.0000000000000000        1.0000000000000000        0.0000000000000000     
         0.0000000000000000        1.0000000000000000        1.0000000000000000     
         1.0000000000000000        1.0000000000000000        1.0000000000000000     

 !NewElementMapDefinition
          75        1158
         0.0000000000000000        1.0000000000000000        0.0000000000000000     
         1.0000000000000000        1.0000000000000000        0.0000000000000000     
         0.0000000000000000        1.0000000000000000        1.0000000000000000     
         1.0000000000000000        1.0000000000000000        1.0000000000000000     

 !NewElementMapDefinition
          76        1171
         0.0000000000000000        1.0000000000000000        0.0000000000000000     
         1.0000000000000000        1.0000000000000000        0.0000000000000000     
         0.0000000000000000        1.0000000000000000        1.0000000000000000     
         1.0000000000000000        1.0000000000000000        1.0000000000000000     

 !NewElementMapDefinition
          77        1236
         0.0000000000000000        1.0000000000000000        0.0000000000000000     
         1.0000000000000000        1.0000000000000000        0.0000000000000000     
         0.0000000000000000        1.0000000000000000        1.0000000000000000     
         1.0000000000000000        1.0000000000000000        1.0000000000000000     

 !NewElementMapDefinition
          78        1249
         0.0000000000000000        1.0000000000000000        0.0000000000000000     
         1.0000000000000000        1.0000000000000000        0.0000000000000000     
         0.0000000000000000        1.0000000000000000        1.0000000000000000     
         1.0000000000000000        1.0000000000000000        1.0000000000000000     

 !NewElementMapDefinition
          79        1314
         0.0000000000000000        1.0000000000000000        0.0000000000000000     
         1.0000000000000000        1.0000000000000000        0.0000000000000000     
         0.0000000000000000        1.0000000000000000        1.0000000000000000     
         1.0000000000000000        1.0000000000000000        1.0000000000000000     

 !NewElementMapDefinition
          80        1327
         0.0000000000000000        1.0000000000000000        0.0000000000000000     
         1.0000000000000000        1.0000000000000000        0.0000000000000000     
         0.0000000000000000        1.0000000000000000        1.0000000000000000     
         1.0000000000000000        1.0000000000000000        1.0000000000000000     

 !NewElementMapDefinition
          81        1106
         0.0000000000000000        1.0000000000000000        0.0000000000000000     
         1.0000000000000000        1.0000000000000000        0.0000000000000000     
         0.0000000000000000        1.0000000000000000        1.0000000000000000     
         1.0000000000000000        1.0000000000000000        1.0000000000000000     

 !NewElementMapDefinition
          82        1119
         0.0000000000000000        1.0000000000000000        0.0000000000000000     
         1.0000000000000000        1.0000000000000000        0.0000000000000000     
         0.0000000000000000        1.0000000000000000        1.0000000000000000     
         1.0000000000000000        1.0000000000000000        1.0000000000000000     

 !NewElementMapDefinition
          83        1132
         0.0000000000000000        1.0000000000000000        0.0000000000000000     
         1.0000000000000000        1.0000000000000000        0.0000000000000000     
         0.0000000000000000        1.0000000000000000        1.0000000000000000     
         1.0000000000000000        1.0000000000000000        1.0000000000000000     

 !NewElementMapDefinition
          84        1145
         0.0000000000000000        1.0000000000000000        0.0000000000000000     
         1.0000000000000000        1.0000000000000000        0.0000000000000000     
         0.0000000000000000        1.0000000000000000        1.0000000000000000     
         1.0000000000000000        1.0000000000000000        1.0000000000000000     

 !NewElementMapDefinition
          85        1184
         0.0000000000000000        1.0000000000000000        0.0000000000000000     
         1.0000000000000000        1.0000000000000000        0.0000000000000000     
         0.0000000000000000        1.0000000000000000        1.0000000000000000     
         1.0000000000000000        1.0000000000000000        1.0000000000000000     

 !NewElementMapDefinition
          86        1197
         0.0000000000000000        1.0000000000000000        0.0000000000000000     
         1.0000000000000000        1.0000000000000000        0.0000000000000000     
         0.0000000000000000        1.0000000000000000        1.0000000000000000     
         1.0000000000000000        1.0000000000000000        1.0000000000000000     

 !NewElementMapDefinition
          87        1210
         0.0000000000000000        1.0000000000000000        0.0000000000000000     
         1.0000000000000000        1.0000000000000000        0.0000000000000000     
         0.0000000000000000        1.0000000000000000        1.0000000000000000     
         1.0000000000000000        1.0000000000000000        1.0000000000000000     

 !NewElementMapDefinition
          88        1223
         0.0000000000000000        1.0000000000000000        0.0000000000000000     
         1.0000000000000000        1.0000000000000000        0.0000000000000000     
         0.0000000000000000        1.0000000000000000        1.0000000000000000     
         1.0000000000000000        1.0000000000000000        1.0000000000000000     

 !NewElementMapDefinition
          89        1262
         0.0000000000000000        1.0000000000000000        0.0000000000000000     
         1.0000000000000000        1.0000000000000000        0.0000000000000000     
         0.0000000000000000        1.0000000000000000        1.0000000000000000     
         1.0000000000000000        1.0000000000000000        1.0000000000000000     

 !NewElementMapDefinition
          90        1275
         0.0000000000000000        1.0000000000000000        0.0000000000000000     
         1.0000000000000000        1.0000000000000000        0.0000000000000000     
         0.0000000000000000        1.0000000000000000        1.0000000000000000     
         1.0000000000000000        1.0000000000000000        1.0000000000000000     

 !NewElementMapDefinition
          91        1288
         0.0000000000000000        1.0000000000000000        0.0000000000000000     
         1.0000000000000000        1.0000000000000000        0.0000000000000000     
         0.0000000000000000        1.0000000000000000        1.0000000000000000     
         1.0000000000000000        1.0000000000000000        1.0000000000000000     

 !NewElementMapDefinition
          92        1301
         0.0000000000000000        1.0000000000000000        0.0000000000000000     
         1.0000000000000000        1.0000000000000000        0.0000000000000000     
         0.0000000000000000        1.0000000000000000        1.0000000000000000     
         1.0000000000000000        1.0000000000000000        1.0000000000000000     

 !NewElementMapDefinition
          93        1340
         0.0000000000000000        1.0000000000000000        0.0000000000000000     
         1.0000000000000000        1.0000000000000000        0.0000000000000000     
         0.0000000000000000        1.0000000000000000        1.0000000000000000     
         1.0000000000000000        1.0000000000000000        1.0000000000000000     

 !NewElementMapDefinition
          94        1353
         0.0000000000000000        1.0000000000000000        0.0000000000000000     
         1.0000000000000000        1.0000000000000000        0.0000000000000000     
         0.0000000000000000        1.0000000000000000        1.0000000000000000     
         1.0000000000000000        1.0000000000000000        1.0000000000000000     

 !NewElementMapDefinition
          95        1366
         0.0000000000000000        1.0000000000000000        0.0000000000000000     
         1.0000000000000000        1.0000000000000000        0.0000000000000000     
         0.0000000000000000        1.0000000000000000        1.0000000000000000     
         1.0000000000000000        1.0000000000000000        1.0000000000000000     

 !NewElementMapDefinition
          96        1379
         0.0000000000000000        1.0000000000000000        0.0000000000000000     
         1.0000000000000000        1.0000000000000000        0.0000000000000000     
         0.0000000000000000        1.0000000000000000        1.0000000000000000     
         1.0000000000000000        1.0000000000000000        1.0000000000000000     

 !NewElementMapDefinition
          97        1441
         0.0000000000000000        1.0000000000000000        0.0000000000000000     
         1.0000000000000000        1.0000000000000000        0.0000000000000000     
         0.0000000000000000        1.0000000000000000        1.0000000000000000     
         1.0000000000000000        1.0000000000000000        1.0000000000000000     

 !NewElementMapDefinition
          98        1740
         0.0000000000000000        1.0000000000000000        0.0000000000000000     
         1.0000000000000000        1.0000000000000000        0.0000000000000000     
         0.0000000000000000        1.0000000000000000        1.0000000000000000     
         1.0000000000000000        1.0000000000000000        1.0000000000000000     

 !NewElementMapDefinition
          99        1506
         0.0000000000000000        1.0000000000000000        0.0000000000000000     
         1.0000000000000000        1.0000000000000000        0.0000000000000000     
         0.0000000000000000        1.0000000000000000        1.0000000000000000     
         1.0000000000000000        1.0000000000000000        1.0000000000000000     

 !NewElementMapDefinition
         100        1519
         0.0000000000000000        1.0000000000000000        0.0000000000000000     
         1.0000000000000000        1.0000000000000000        0.0000000000000000     
         0.0000000000000000        1.0000000000000000        1.0000000000000000     
         1.0000000000000000        1.0000000000000000        1.0000000000000000     

 !NewElementMapDefinition
         101        1584
         0.0000000000000000        1.0000000000000000        0.0000000000000000     
         1.0000000000000000        1.0000000000000000        0.0000000000000000     
         0.0000000000000000        1.0000000000000000        1.0000000000000000     
         1.0000000000000000        1.0000000000000000        1.0000000000000000     

 !NewElementMapDefinition
         102        1597
         0.0000000000000000        1.0000000000000000        0.0000000000000000     
         1.0000000000000000        1.0000000000000000        0.0000000000000000     
         0.0000000000000000        1.0000000000000000        1.0000000000000000     
         1.0000000000000000        1.0000000000000000        1.0000000000000000     

 !NewElementMapDefinition
         103        1662
         0.0000000000000000        1.0000000000000000        0.0000000000000000     
         1.0000000000000000        1.0000000000000000        0.0000000000000000     
         0.0000000000000000        1.0000000000000000        1.0000000000000000     
         1.0000000000000000        1.0000000000000000        1.0000000000000000     

 !NewElementMapDefinition
         104        1675
         0.0000000000000000        1.0000000000000000        0.0000000000000000     
         1.0000000000000000        1.0000000000000000        0.0000000000000000     
         0.0000000000000000        1.0000000000000000        1.0000000000000000     
         1.0000000000000000        1.0000000000000000        1.0000000000000000     

 !NewElementMapDefinition
         105        1454
         0.0000000000000000        1.0000000000000000        0.0000000000000000     
         1.0000000000000000        1.0000000000000000        0.0000000000000000     
         0.0000000000000000        1.0000000000000000        1.0000000000000000     
         1.0000000000000000        1.0000000000000000        1.0000000000000000     

 !NewElementMapDefinition
         106        1467
         0.0000000000000000        1.0000000000000000        0.0000000000000000     
         1.0000000000000000        1.0000000000000000        0.0000000000000000     
         0.0000000000000000        1.0000000000000000        1.0000000000000000     
         1.0000000000000000        1.0000000000000000        1.0000000000000000     

 !NewElementMapDefinition
         107        1480
         0.0000000000000000        1.0000000000000000        0.0000000000000000     
         1.0000000000000000        1.0000000000000000        0.0000000000000000     
         0.0000000000000000        1.0000000000000000        1.0000000000000000     
         1.0000000000000000        1.0000000000000000        1.0000000000000000     

 !NewElementMapDefinition
         108        1493
         0.0000000000000000        1.0000000000000000        0.0000000000000000     
         1.0000000000000000        1.0000000000000000        0.0000000000000000     
         0.0000000000000000        1.0000000000000000        1.0000000000000000     
         1.0000000000000000        1.0000000000000000        1.0000000000000000     

 !NewElementMapDefinition
         109        1532
         0.0000000000000000        1.0000000000000000        0.0000000000000000     
         1.0000000000000000        1.0000000000000000        0.0000000000000000     
         0.0000000000000000        1.0000000000000000        1.0000000000000000     
         1.0000000000000000        1.0000000000000000        1.0000000000000000     

 !NewElementMapDefinition
         110        1545
         0.0000000000000000        1.0000000000000000        0.0000000000000000     
         1.0000000000000000        1.0000000000000000        0.0000000000000000     
         0.0000000000000000        1.0000000000000000        1.0000000000000000     
         1.0000000000000000        1.0000000000000000        1.0000000000000000     

 !NewElementMapDefinition
         111        1558
         0.0000000000000000        1.0000000000000000        0.0000000000000000     
         1.0000000000000000        1.0000000000000000        0.0000000000000000     
         0.0000000000000000        1.0000000000000000        1.0000000000000000     
         1.0000000000000000        1.0000000000000000        1.0000000000000000     

 !NewElementMapDefinition
         112        1571
         0.0000000000000000        1.0000000000000000        0.0000000000000000     
         1.0000000000000000        1.0000000000000000        0.0000000000000000     
         0.0000000000000000        1.0000000000000000        1.0000000000000000     
         1.0000000000000000        1.0000000000000000        1.0000000000000000     

 !NewElementMapDefinition
         113        1610
         0.0000000000000000        1.0000000000000000        0.0000000000000000     
         1.0000000000000000        1.0000000000000000        0.0000000000000000     
         0.0000000000000000        1.0000000000000000        1.0000000000000000     
         1.0000000000000000        1.0000000000000000        1.0000000000000000     

 !NewElementMapDefinition
         114        1623
         0.0000000000000000        1.0000000000000000        0.0000000000000000     
         1.0000000000000000        1.0000000000000000        0.0000000000000000     
         0.0000000000000000        1.0000000000000000        1.0000000000000000     
         1.0000000000000000        1.0000000000000000        1.0000000000000000     

 !NewElementMapDefinition
         115        1636
         0.0000000000000000        1.0000000000000000        0.0000000000000000     
         1.0000000000000000        1.0000000000000000        0.0000000000000000     
         0.0000000000000000        1.0000000000000000        1.0000000000000000     
         1.0000000000000000        1.0000000000000000        1.0000000000000000     

 !NewElementMapDefinition
         116        1649
         0.0000000000000000        1.0000000000000000        0.0000000000000000     
         1.0000000000000000        1.0000000000000000        0.0000000000000000     
         0.0000000000000000        1.0000000000000000        1.0000000000000000     
         1.0000000000000000        1.0000000000000000        1.0000000000000000     

 !NewElementMapDefinition
         117        1688
         0.0000000000000000        1.0000000000000000        0.0000000000000000     
         1.0000000000000000        1.0000000000000000        0.0000000000000000     
         0.0000000000000000        1.0000000000000000        1.0000000000000000     
         1.0000000000000000        1.0000000000000000        1.0000000000000000     

 !NewElementMapDefinition
         118        1701
         0.0000000000000000        1.0000000000000000        0.0000000000000000     
         1.0000000000000000        1.0000000000000000        0.0000000000000000     
         0.0000000000000000        1.0000000000000000        1.0000000000000000     
         1.0000000000000000        1.0000000000000000        1.0000000000000000     

 !NewElementMapDefinition
         119        1714
         0.0000000000000000        1.0000000000000000        0.0000000000000000     
         1.0000000000000000        1.0000000000000000        0.0000000000000000     
         0.0000000000000000        1.0000000000000000        1.0000000000000000     
         1.0000000000000000        1.0000000000000000        1.0000000000000000     

 !NewElementMapDefinition
         120        1727
         0.0000000000000000        1.0000000000000000        0.0000000000000000     
         1.0000000000000000        1.0000000000000000        0.0000000000000000     
         0.0000000000000000        1.0000000000000000        1.0000000000000000     
         1.0000000000000000        1.0000000000000000        1.0000000000000000     

 !NewElementMapDefinition
         121        1789
         0.0000000000000000        1.0000000000000000        0.0000000000000000     
         1.0000000000000000        1.0000000000000000        0.0000000000000000     
         0.0000000000000000        1.0000000000000000        1.0000000000000000     
         1.0000000000000000        1.0000000000000000        1.0000000000000000     

 !NewElementMapDefinition
         122        2088
         0.0000000000000000        1.0000000000000000        0.0000000000000000     
         1.0000000000000000        1.0000000000000000        0.0000000000000000     
         0.0000000000000000        1.0000000000000000        1.0000000000000000     
         1.0000000000000000        1.0000000000000000        1.0000000000000000     

 !NewElementMapDefinition
         123        1854
         0.0000000000000000        1.0000000000000000        0.0000000000000000     
         1.0000000000000000        1.0000000000000000        0.0000000000000000     
         0.0000000000000000        1.0000000000000000        1.0000000000000000     
         1.0000000000000000        1.0000000000000000        1.0000000000000000     

 !NewElementMapDefinition
         124        1867
         0.0000000000000000        1.0000000000000000        0.0000000000000000     
         1.0000000000000000        1.0000000000000000        0.0000000000000000     
         0.0000000000000000        1.0000000000000000        1.0000000000000000     
         1.0000000000000000        1.0000000000000000        1.0000000000000000     

 !NewElementMapDefinition
         125        1932
         0.0000000000000000        1.0000000000000000        0.0000000000000000     
         1.0000000000000000        1.0000000000000000        0.0000000000000000     
         0.0000000000000000        1.0000000000000000        1.0000000000000000     
         1.0000000000000000        1.0000000000000000        1.0000000000000000     

 !NewElementMapDefinition
         126        1945
         0.0000000000000000        1.0000000000000000        0.0000000000000000     
         1.0000000000000000        1.0000000000000000        0.0000000000000000     
         0.0000000000000000        1.0000000000000000        1.0000000000000000     
         1.0000000000000000        1.0000000000000000        1.0000000000000000     

 !NewElementMapDefinition
         127        2010
         0.0000000000000000        1.0000000000000000        0.0000000000000000     
         1.0000000000000000        1.0000000000000000        0.0000000000000000     
         0.0000000000000000        1.0000000000000000        1.0000000000000000     
         1.0000000000000000        1.0000000000000000        1.0000000000000000     

 !NewElementMapDefinition
         128        2023
         0.0000000000000000        1.0000000000000000        0.0000000000000000     
         1.0000000000000000        1.0000000000000000        0.0000000000000000     
         0.0000000000000000        1.0000000000000000        1.0000000000000000     
         1.0000000000000000        1.0000000000000000        1.0000000000000000     

 !NewElementMapDefinition
         129        1802
         0.0000000000000000        1.0000000000000000        0.0000000000000000     
         1.0000000000000000        1.0000000000000000        0.0000000000000000     
         0.0000000000000000        1.0000000000000000        1.0000000000000000     
         1.0000000000000000        1.0000000000000000        1.0000000000000000     

 !NewElementMapDefinition
         130        1815
         0.0000000000000000        1.0000000000000000        0.0000000000000000     
         1.0000000000000000        1.0000000000000000        0.0000000000000000     
         0.0000000000000000        1.0000000000000000        1.0000000000000000     
         1.0000000000000000        1.0000000000000000        1.0000000000000000     

 !NewElementMapDefinition
         131        1828
         0.0000000000000000        1.0000000000000000        0.0000000000000000     
         1.0000000000000000        1.0000000000000000        0.0000000000000000     
         0.0000000000000000        1.0000000000000000        1.0000000000000000     
         1.0000000000000000        1.0000000000000000        1.0000000000000000     

 !NewElementMapDefinition
         132        1841
         0.0000000000000000        1.0000000000000000        0.0000000000000000     
         1.0000000000000000        1.0000000000000000        0.0000000000000000     
         0.0000000000000000        1.0000000000000000        1.0000000000000000     
         1.0000000000000000        1.0000000000000000        1.0000000000000000     

 !NewElementMapDefinition
         133        1880
         0.0000000000000000        1.0000000000000000        0.0000000000000000     
         1.0000000000000000        1.0000000000000000        0.0000000000000000     
         0.0000000000000000        1.0000000000000000        1.0000000000000000     
         1.0000000000000000        1.0000000000000000        1.0000000000000000     

 !NewElementMapDefinition
         134        1893
         0.0000000000000000        1.0000000000000000        0.0000000000000000     
         1.0000000000000000        1.0000000000000000        0.0000000000000000     
         0.0000000000000000        1.0000000000000000        1.0000000000000000     
         1.0000000000000000        1.0000000000000000        1.0000000000000000     

 !NewElementMapDefinition
         135        1906
         0.0000000000000000        1.0000000000000000        0.0000000000000000     
         1.0000000000000000        1.0000000000000000        0.0000000000000000     
         0.0000000000000000        1.0000000000000000        1.0000000000000000     
         1.0000000000000000        1.0000000000000000        1.0000000000000000     

 !NewElementMapDefinition
         136        1919
         0.0000000000000000        1.0000000000000000        0.0000000000000000     
         1.0000000000000000        1.0000000000000000        0.0000000000000000     
         0.0000000000000000        1.0000000000000000        1.0000000000000000     
         1.0000000000000000        1.0000000000000000        1.0000000000000000     

 !NewElementMapDefinition
         137        1958
         0.0000000000000000        1.0000000000000000        0.0000000000000000     
         1.0000000000000000        1.0000000000000000        0.0000000000000000     
         0.0000000000000000        1.0000000000000000        1.0000000000000000     
         1.0000000000000000        1.0000000000000000        1.0000000000000000     

 !NewElementMapDefinition
         138        1971
         0.0000000000000000        1.0000000000000000        0.0000000000000000     
         1.0000000000000000        1.0000000000000000        0.0000000000000000     
         0.0000000000000000        1.0000000000000000        1.0000000000000000     
         1.0000000000000000        1.0000000000000000        1.0000000000000000     

 !NewElementMapDefinition
         139        1984
         0.0000000000000000        1.0000000000000000        0.0000000000000000     
         1.0000000000000000        1.0000000000000000        0.0000000000000000     
         0.0000000000000000        1.0000000000000000        1.0000000000000000     
         1.0000000000000000        1.0000000000000000        1.0000000000000000     

 !NewElementMapDefinition
         140        1997
         0.0000000000000000        1.0000000000000000        0.0000000000000000     
         1.0000000000000000        1.0000000000000000        0.0000000000000000     
         0.0000000000000000        1.0000000000000000        1.0000000000000000     
         1.0000000000000000        1.0000000000000000        1.0000000000000000     

 !NewElementMapDefinition
         141        2036
         0.0000000000000000        1.0000000000000000        0.0000000000000000     
         1.0000000000000000        1.0000000000000000        0.0000000000000000     
         0.0000000000000000        1.0000000000000000        1.0000000000000000     
         1.0000000000000000        1.0000000000000000        1.0000000000000000     

 !NewElementMapDefinition
         142        2049
         0.0000000000000000        1.0000000000000000        0.0000000000000000     
         1.0000000000000000        1.0000000000000000        0.0000000000000000     
         0.0000000000000000        1.0000000000000000        1.0000000000000000     
         1.0000000000000000        1.0000000000000000        1.0000000000000000     

 !NewElementMapDefinition
         143        2062
         0.0000000000000000        1.0000000000000000        0.0000000000000000     
         1.0000000000000000        1.0000000000000000        0.0000000000000000     
         0.0000000000000000        1.0000000000000000        1.0000000000000000     
         1.0000000000000000        1.0000000000000000        1.0000000000000000     

 !NewElementMapDefinition
         144        2075
         0.0000000000000000        1.0000000000000000        0.0000000000000000     
         1.0000000000000000        1.0000000000000000        0.0000000000000000     
         0.0000000000000000        1.0000000000000000        1.0000000000000000     
         1.0000000000000000        1.0000000000000000        1.0000000000000000     
