 !FromTopology={TP2base}

 !ToTopology={TP2}


 !NewElementMapDefinition
           1        2809
         0.0000000000000000        0.0000000000000000        0.0000000000000000     
         1.0000000000000000        0.0000000000000000        0.0000000000000000     
         0.0000000000000000        0.0000000000000000        1.0000000000000000     

 !NewElementMapDefinition
           2        2810
         1.0000000000000000        0.0000000000000000        0.0000000000000000     
         0.0000000000000000        1.0000000000000000        0.0000000000000000     
         0.0000000000000000        0.0000000000000000        1.0000000000000000     

 !NewElementMapDefinition
           3        5885
         1.0000000000000000        0.0000000000000000        0.0000000000000000     
         0.0000000000000000        1.0000000000000000        0.0000000000000000     
         0.0000000000000000        0.0000000000000000        1.0000000000000000     

 !NewElementMapDefinition
           4        5646
         0.0000000000000000        0.0000000000000000        0.0000000000000000     
         1.0000000000000000        0.0000000000000000        0.0000000000000000     
         0.0000000000000000        1.0000000000000000        0.0000000000000000     

 !NewElementMapDefinition
           5        6010
         0.0000000000000000        0.0000000000000000        0.0000000000000000     
         1.0000000000000000        0.0000000000000000        0.0000000000000000     
         0.0000000000000000        1.0000000000000000        0.0000000000000000     

 !NewElementMapDefinition
           6        5988
         0.0000000000000000        0.0000000000000000        0.0000000000000000     
         1.0000000000000000        0.0000000000000000        0.0000000000000000     
         0.0000000000000000        1.0000000000000000        0.0000000000000000     

 !NewElementMapDefinition
           7        4326
         0.0000000000000000        0.0000000000000000        0.0000000000000000     
         1.0000000000000000        0.0000000000000000        0.0000000000000000     
         0.0000000000000000        1.0000000000000000        0.0000000000000000     

 !NewElementMapDefinition
           8        6623
         0.0000000000000000        0.0000000000000000        0.0000000000000000     
         1.0000000000000000        0.0000000000000000        0.0000000000000000     
         0.0000000000000000        1.0000000000000000        0.0000000000000000     

 !NewElementMapDefinition
           9        5792
         0.0000000000000000        0.0000000000000000        0.0000000000000000     
         1.0000000000000000        0.0000000000000000        0.0000000000000000     
         0.0000000000000000        1.0000000000000000        0.0000000000000000     

 !NewElementMapDefinition
          10        5912
         0.0000000000000000        0.0000000000000000        0.0000000000000000     
         1.0000000000000000        0.0000000000000000        0.0000000000000000     
         0.0000000000000000        1.0000000000000000        0.0000000000000000     

 !NewElementMapDefinition
          11        5502
         0.0000000000000000        0.0000000000000000        0.0000000000000000     
         0.0000000000000000        1.0000000000000000        0.0000000000000000     
         0.0000000000000000        0.0000000000000000        1.0000000000000000     

 !NewElementMapDefinition
          12        6562
         0.0000000000000000        0.0000000000000000        0.0000000000000000     
         1.0000000000000000        0.0000000000000000        0.0000000000000000     
         0.0000000000000000        1.0000000000000000        0.0000000000000000     

 !NewElementMapDefinition
          13        3689
         0.0000000000000000        0.0000000000000000        0.0000000000000000     
         1.0000000000000000        0.0000000000000000        0.0000000000000000     
         0.0000000000000000        1.0000000000000000        0.0000000000000000     

 !NewElementMapDefinition
          14        5308
         0.0000000000000000        0.0000000000000000        0.0000000000000000     
         1.0000000000000000        0.0000000000000000        0.0000000000000000     
         0.0000000000000000        1.0000000000000000        0.0000000000000000     

 !NewElementMapDefinition
          15        3967
         0.0000000000000000        0.0000000000000000        0.0000000000000000     
         1.0000000000000000        0.0000000000000000        0.0000000000000000     
         0.0000000000000000        0.0000000000000000        1.0000000000000000     

 !NewElementMapDefinition
          16        6236
         0.0000000000000000        0.0000000000000000        0.0000000000000000     
         1.0000000000000000        0.0000000000000000        0.0000000000000000     
         0.0000000000000000        1.0000000000000000        0.0000000000000000     

 !NewElementMapDefinition
          17        4484
         0.0000000000000000        0.0000000000000000        0.0000000000000000     
         1.0000000000000000        0.0000000000000000        0.0000000000000000     
         0.0000000000000000        1.0000000000000000        0.0000000000000000     

 !NewElementMapDefinition
          18        6180
         0.0000000000000000        0.0000000000000000        0.0000000000000000     
         1.0000000000000000        0.0000000000000000        0.0000000000000000     
         0.0000000000000000        1.0000000000000000        0.0000000000000000     

 !NewElementMapDefinition
          19        4962
         0.0000000000000000        0.0000000000000000        0.0000000000000000     
         1.0000000000000000        0.0000000000000000        0.0000000000000000     
         0.0000000000000000        1.0000000000000000        0.0000000000000000     

 !NewElementMapDefinition
          20        6252
         0.0000000000000000        0.0000000000000000        0.0000000000000000     
         1.0000000000000000        0.0000000000000000        0.0000000000000000     
         0.0000000000000000        1.0000000000000000        0.0000000000000000     

 !NewElementMapDefinition
          21        4454
         0.0000000000000000        0.0000000000000000        0.0000000000000000     
         1.0000000000000000        0.0000000000000000        0.0000000000000000     
         0.0000000000000000        1.0000000000000000        0.0000000000000000     

 !NewElementMapDefinition
          22        3941
         0.0000000000000000        0.0000000000000000        0.0000000000000000     
         1.0000000000000000        0.0000000000000000        0.0000000000000000     
         0.0000000000000000        0.0000000000000000        1.0000000000000000     

 !NewElementMapDefinition
          23        5130
         0.0000000000000000        0.0000000000000000        0.0000000000000000     
         0.0000000000000000        1.0000000000000000        0.0000000000000000     
         0.0000000000000000        0.0000000000000000        1.0000000000000000     

 !NewElementMapDefinition
          24         838
         0.0000000000000000        0.0000000000000000        0.0000000000000000     
         1.0000000000000000        0.0000000000000000        0.0000000000000000     
         0.0000000000000000        1.0000000000000000        0.0000000000000000     

 !NewElementMapDefinition
          25        1165
         1.0000000000000000        0.0000000000000000        0.0000000000000000     
         0.0000000000000000        1.0000000000000000        0.0000000000000000     
         0.0000000000000000        0.0000000000000000        1.0000000000000000     

 !NewElementMapDefinition
          26        4728
         0.0000000000000000        0.0000000000000000        0.0000000000000000     
         1.0000000000000000        0.0000000000000000        0.0000000000000000     
         0.0000000000000000        1.0000000000000000        0.0000000000000000     

 !NewElementMapDefinition
          27         638
         0.0000000000000000        0.0000000000000000        0.0000000000000000     
         1.0000000000000000        0.0000000000000000        0.0000000000000000     
         0.0000000000000000        1.0000000000000000        0.0000000000000000     

 !NewElementMapDefinition
          28         648
         0.0000000000000000        0.0000000000000000        0.0000000000000000     
         1.0000000000000000        0.0000000000000000        0.0000000000000000     
         0.0000000000000000        0.0000000000000000        1.0000000000000000     

 !NewElementMapDefinition
          29        4954
         0.0000000000000000        0.0000000000000000        0.0000000000000000     
         1.0000000000000000        0.0000000000000000        0.0000000000000000     
         0.0000000000000000        1.0000000000000000        0.0000000000000000     

 !NewElementMapDefinition
          30        3836
         1.0000000000000000        0.0000000000000000        0.0000000000000000     
         0.0000000000000000        1.0000000000000000        0.0000000000000000     
         0.0000000000000000        0.0000000000000000        1.0000000000000000     

 !NewElementMapDefinition
          31        5002
         0.0000000000000000        0.0000000000000000        0.0000000000000000     
         1.0000000000000000        0.0000000000000000        0.0000000000000000     
         0.0000000000000000        1.0000000000000000        0.0000000000000000     

 !NewElementMapDefinition
          32        6106
         0.0000000000000000        0.0000000000000000        0.0000000000000000     
         1.0000000000000000        0.0000000000000000        0.0000000000000000     
         0.0000000000000000        1.0000000000000000        0.0000000000000000     

 !NewElementMapDefinition
          33        4982
         0.0000000000000000        0.0000000000000000        0.0000000000000000     
         1.0000000000000000        0.0000000000000000        0.0000000000000000     
         0.0000000000000000        0.0000000000000000        1.0000000000000000     

 !NewElementMapDefinition
          34        6065
         0.0000000000000000        0.0000000000000000        0.0000000000000000     
         1.0000000000000000        0.0000000000000000        0.0000000000000000     
         0.0000000000000000        1.0000000000000000        0.0000000000000000     

 !NewElementMapDefinition
          35        3360
         0.0000000000000000        0.0000000000000000        0.0000000000000000     
         1.0000000000000000        0.0000000000000000        0.0000000000000000     
         0.0000000000000000        1.0000000000000000        0.0000000000000000     

 !NewElementMapDefinition
          36        6141
         0.0000000000000000        0.0000000000000000        0.0000000000000000     
         1.0000000000000000        0.0000000000000000        0.0000000000000000     
         0.0000000000000000        1.0000000000000000        0.0000000000000000     

 !NewElementMapDefinition
          37        3521
         0.0000000000000000        0.0000000000000000        0.0000000000000000     
         1.0000000000000000        0.0000000000000000        0.0000000000000000     
         0.0000000000000000        0.0000000000000000        1.0000000000000000     

 !NewElementMapDefinition
          38        5643
         0.0000000000000000        0.0000000000000000        0.0000000000000000     
         1.0000000000000000        0.0000000000000000        0.0000000000000000     
         0.0000000000000000        1.0000000000000000        0.0000000000000000     

 !NewElementMapDefinition
          39        7039
         0.0000000000000000        0.0000000000000000        0.0000000000000000     
         0.0000000000000000        1.0000000000000000        0.0000000000000000     
         0.0000000000000000        0.0000000000000000        1.0000000000000000     

 !NewElementMapDefinition
          40        5563
         0.0000000000000000        0.0000000000000000        0.0000000000000000     
         1.0000000000000000        0.0000000000000000        0.0000000000000000     
         0.0000000000000000        1.0000000000000000        0.0000000000000000     

 !NewElementMapDefinition
          41        5013
         0.0000000000000000        0.0000000000000000        0.0000000000000000     
         1.0000000000000000        0.0000000000000000        0.0000000000000000     
         0.0000000000000000        1.0000000000000000        0.0000000000000000     

 !NewElementMapDefinition
          42        6307
         0.0000000000000000        0.0000000000000000        0.0000000000000000     
         1.0000000000000000        0.0000000000000000        0.0000000000000000     
         0.0000000000000000        1.0000000000000000        0.0000000000000000     

 !NewElementMapDefinition
          43        4663
         0.0000000000000000        0.0000000000000000        0.0000000000000000     
         0.0000000000000000        1.0000000000000000        0.0000000000000000     
         0.0000000000000000        0.0000000000000000        1.0000000000000000     

 !NewElementMapDefinition
          44        3887
         0.0000000000000000        0.0000000000000000        0.0000000000000000     
         1.0000000000000000        0.0000000000000000        0.0000000000000000     
         0.0000000000000000        1.0000000000000000        0.0000000000000000     

 !NewElementMapDefinition
          45        4233
         0.0000000000000000        0.0000000000000000        0.0000000000000000     
         1.0000000000000000        0.0000000000000000        0.0000000000000000     
         0.0000000000000000        1.0000000000000000        0.0000000000000000     

 !NewElementMapDefinition
          46        4842
         0.0000000000000000        0.0000000000000000        0.0000000000000000     
         1.0000000000000000        0.0000000000000000        0.0000000000000000     
         0.0000000000000000        1.0000000000000000        0.0000000000000000     

 !NewElementMapDefinition
          47        2647
         0.0000000000000000        0.0000000000000000        0.0000000000000000     
         1.0000000000000000        0.0000000000000000        0.0000000000000000     
         0.0000000000000000        1.0000000000000000        0.0000000000000000     

 !NewElementMapDefinition
          48        5634
         0.0000000000000000        0.0000000000000000        0.0000000000000000     
         1.0000000000000000        0.0000000000000000        0.0000000000000000     
         0.0000000000000000        1.0000000000000000        0.0000000000000000     

 !NewElementMapDefinition
          49        1173
         0.0000000000000000        0.0000000000000000        0.0000000000000000     
         1.0000000000000000        0.0000000000000000        0.0000000000000000     
         0.0000000000000000        1.0000000000000000        0.0000000000000000     

 !NewElementMapDefinition
          50        2093
         0.0000000000000000        0.0000000000000000        0.0000000000000000     
         1.0000000000000000        0.0000000000000000        0.0000000000000000     
         0.0000000000000000        1.0000000000000000        0.0000000000000000     

 !NewElementMapDefinition
          51        4428
         0.0000000000000000        0.0000000000000000        0.0000000000000000     
         1.0000000000000000        0.0000000000000000        0.0000000000000000     
         0.0000000000000000        1.0000000000000000        0.0000000000000000     

 !NewElementMapDefinition
          52        6780
         1.0000000000000000        0.0000000000000000        0.0000000000000000     
         0.0000000000000000        1.0000000000000000        0.0000000000000000     
         0.0000000000000000        0.0000000000000000        1.0000000000000000     

 !NewElementMapDefinition
          53        6425
         0.0000000000000000        0.0000000000000000        0.0000000000000000     
         1.0000000000000000        0.0000000000000000        0.0000000000000000     
         0.0000000000000000        1.0000000000000000        0.0000000000000000     

 !NewElementMapDefinition
          54        6084
         0.0000000000000000        0.0000000000000000        0.0000000000000000     
         1.0000000000000000        0.0000000000000000        0.0000000000000000     
         0.0000000000000000        1.0000000000000000        0.0000000000000000     

 !NewElementMapDefinition
          55        6284
         0.0000000000000000        0.0000000000000000        0.0000000000000000     
         1.0000000000000000        0.0000000000000000        0.0000000000000000     
         0.0000000000000000        1.0000000000000000        0.0000000000000000     

 !NewElementMapDefinition
          56        6447
         0.0000000000000000        0.0000000000000000        0.0000000000000000     
         1.0000000000000000        0.0000000000000000        0.0000000000000000     
         0.0000000000000000        1.0000000000000000        0.0000000000000000     

 !NewElementMapDefinition
          57        1121
         0.0000000000000000        0.0000000000000000        0.0000000000000000     
         1.0000000000000000        0.0000000000000000        0.0000000000000000     
         0.0000000000000000        1.0000000000000000        0.0000000000000000     

 !NewElementMapDefinition
          58        6296
         0.0000000000000000        0.0000000000000000        0.0000000000000000     
         1.0000000000000000        0.0000000000000000        0.0000000000000000     
         0.0000000000000000        1.0000000000000000        0.0000000000000000     

 !NewElementMapDefinition
          59        2306
         0.0000000000000000        0.0000000000000000        0.0000000000000000     
         1.0000000000000000        0.0000000000000000        0.0000000000000000     
         0.0000000000000000        1.0000000000000000        0.0000000000000000     

 !NewElementMapDefinition
          60        5656
         0.0000000000000000        0.0000000000000000        0.0000000000000000     
         1.0000000000000000        0.0000000000000000        0.0000000000000000     
         0.0000000000000000        1.0000000000000000        0.0000000000000000     

 !NewElementMapDefinition
          61        5488
         0.0000000000000000        0.0000000000000000        0.0000000000000000     
         1.0000000000000000        0.0000000000000000        0.0000000000000000     
         0.0000000000000000        1.0000000000000000        0.0000000000000000     

 !NewElementMapDefinition
          62        6215
         0.0000000000000000        0.0000000000000000        0.0000000000000000     
         1.0000000000000000        0.0000000000000000        0.0000000000000000     
         0.0000000000000000        1.0000000000000000        0.0000000000000000     

 !NewElementMapDefinition
          63        4651
         0.0000000000000000        0.0000000000000000        0.0000000000000000     
         1.0000000000000000        0.0000000000000000        0.0000000000000000     
         0.0000000000000000        1.0000000000000000        0.0000000000000000     

 !NewElementMapDefinition
          64        6131
         0.0000000000000000        0.0000000000000000        0.0000000000000000     
         1.0000000000000000        0.0000000000000000        0.0000000000000000     
         0.0000000000000000        1.0000000000000000        0.0000000000000000     

 !NewElementMapDefinition
          65        5022
         0.0000000000000000        0.0000000000000000        0.0000000000000000     
         1.0000000000000000        0.0000000000000000        0.0000000000000000     
         0.0000000000000000        1.0000000000000000        0.0000000000000000     

 !NewElementMapDefinition
          66        3589
         1.0000000000000000        0.0000000000000000        0.0000000000000000     
         0.0000000000000000        1.0000000000000000        0.0000000000000000     
         0.0000000000000000        0.0000000000000000        1.0000000000000000     

 !NewElementMapDefinition
          67        4023
         0.0000000000000000        0.0000000000000000        0.0000000000000000     
         1.0000000000000000        0.0000000000000000        0.0000000000000000     
         0.0000000000000000        1.0000000000000000        0.0000000000000000     

 !NewElementMapDefinition
          68        1501
         1.0000000000000000        0.0000000000000000        0.0000000000000000     
         0.0000000000000000        1.0000000000000000        0.0000000000000000     
         0.0000000000000000        0.0000000000000000        1.0000000000000000     

 !NewElementMapDefinition
          69         189
         1.0000000000000000        0.0000000000000000        0.0000000000000000     
         0.0000000000000000        1.0000000000000000        0.0000000000000000     
         0.0000000000000000        0.0000000000000000        1.0000000000000000     

 !NewElementMapDefinition
          70        5681
         1.0000000000000000        0.0000000000000000        0.0000000000000000     
         0.0000000000000000        1.0000000000000000        0.0000000000000000     
         0.0000000000000000        0.0000000000000000        1.0000000000000000     

 !NewElementMapDefinition
          71         658
         0.0000000000000000        0.0000000000000000        0.0000000000000000     
         1.0000000000000000        0.0000000000000000        0.0000000000000000     
         0.0000000000000000        0.0000000000000000        1.0000000000000000     

 !NewElementMapDefinition
          72         426
         0.0000000000000000        0.0000000000000000        0.0000000000000000     
         1.0000000000000000        0.0000000000000000        0.0000000000000000     
         0.0000000000000000        0.0000000000000000        1.0000000000000000     

 !NewElementMapDefinition
          73        3492
         0.0000000000000000        0.0000000000000000        0.0000000000000000     
         1.0000000000000000        0.0000000000000000        0.0000000000000000     
         0.0000000000000000        1.0000000000000000        0.0000000000000000     

 !NewElementMapDefinition
          74        1816
         1.0000000000000000        0.0000000000000000        0.0000000000000000     
         0.0000000000000000        1.0000000000000000        0.0000000000000000     
         0.0000000000000000        0.0000000000000000        1.0000000000000000     

 !NewElementMapDefinition
          75        4541
         0.0000000000000000        0.0000000000000000        0.0000000000000000     
         1.0000000000000000        0.0000000000000000        0.0000000000000000     
         0.0000000000000000        1.0000000000000000        0.0000000000000000     

 !NewElementMapDefinition
          76        5562
         0.0000000000000000        0.0000000000000000        0.0000000000000000     
         1.0000000000000000        0.0000000000000000        0.0000000000000000     
         0.0000000000000000        1.0000000000000000        0.0000000000000000     

 !NewElementMapDefinition
          77        1527
         0.0000000000000000        0.0000000000000000        0.0000000000000000     
         0.0000000000000000        1.0000000000000000        0.0000000000000000     
         0.0000000000000000        0.0000000000000000        1.0000000000000000     

 !NewElementMapDefinition
          78        6176
         0.0000000000000000        0.0000000000000000        0.0000000000000000     
         1.0000000000000000        0.0000000000000000        0.0000000000000000     
         0.0000000000000000        1.0000000000000000        0.0000000000000000     

 !NewElementMapDefinition
          79        2912
         0.0000000000000000        0.0000000000000000        0.0000000000000000     
         1.0000000000000000        0.0000000000000000        0.0000000000000000     
         0.0000000000000000        1.0000000000000000        0.0000000000000000     

 !NewElementMapDefinition
          80        6343
         0.0000000000000000        0.0000000000000000        0.0000000000000000     
         1.0000000000000000        0.0000000000000000        0.0000000000000000     
         0.0000000000000000        1.0000000000000000        0.0000000000000000     

 !NewElementMapDefinition
          81        2957
         0.0000000000000000        0.0000000000000000        0.0000000000000000     
         1.0000000000000000        0.0000000000000000        0.0000000000000000     
         0.0000000000000000        1.0000000000000000        0.0000000000000000     

 !NewElementMapDefinition
          82        6495
         0.0000000000000000        0.0000000000000000        0.0000000000000000     
         1.0000000000000000        0.0000000000000000        0.0000000000000000     
         0.0000000000000000        1.0000000000000000        0.0000000000000000     

 !NewElementMapDefinition
          83        4872
         0.0000000000000000        0.0000000000000000        0.0000000000000000     
         1.0000000000000000        0.0000000000000000        0.0000000000000000     
         0.0000000000000000        1.0000000000000000        0.0000000000000000     

 !NewElementMapDefinition
          84        5933
         0.0000000000000000        0.0000000000000000        0.0000000000000000     
         1.0000000000000000        0.0000000000000000        0.0000000000000000     
         0.0000000000000000        1.0000000000000000        0.0000000000000000     

 !NewElementMapDefinition
          85        5282
         0.0000000000000000        0.0000000000000000        0.0000000000000000     
         1.0000000000000000        0.0000000000000000        0.0000000000000000     
         0.0000000000000000        1.0000000000000000        0.0000000000000000     

 !NewElementMapDefinition
          86        6294
         0.0000000000000000        0.0000000000000000        0.0000000000000000     
         1.0000000000000000        0.0000000000000000        0.0000000000000000     
         0.0000000000000000        1.0000000000000000        0.0000000000000000     

 !NewElementMapDefinition
          87        4053
         1.0000000000000000        0.0000000000000000        0.0000000000000000     
         0.0000000000000000        1.0000000000000000        0.0000000000000000     
         0.0000000000000000        0.0000000000000000        1.0000000000000000     

 !NewElementMapDefinition
          88        4816
         1.0000000000000000        0.0000000000000000        0.0000000000000000     
         0.0000000000000000        1.0000000000000000        0.0000000000000000     
         0.0000000000000000        0.0000000000000000        1.0000000000000000     

 !NewElementMapDefinition
          89        4171
         1.0000000000000000        0.0000000000000000        0.0000000000000000     
         0.0000000000000000        1.0000000000000000        0.0000000000000000     
         0.0000000000000000        0.0000000000000000        1.0000000000000000     

 !NewElementMapDefinition
          90        3533
         0.0000000000000000        0.0000000000000000        0.0000000000000000     
         1.0000000000000000        0.0000000000000000        0.0000000000000000     
         0.0000000000000000        1.0000000000000000        0.0000000000000000     

 !NewElementMapDefinition
          91        4335
         0.0000000000000000        0.0000000000000000        0.0000000000000000     
         1.0000000000000000        0.0000000000000000        0.0000000000000000     
         0.0000000000000000        0.0000000000000000        1.0000000000000000     

 !NewElementMapDefinition
          92        4284
         1.0000000000000000        0.0000000000000000        0.0000000000000000     
         0.0000000000000000        1.0000000000000000        0.0000000000000000     
         0.0000000000000000        0.0000000000000000        1.0000000000000000     

 !NewElementMapDefinition
          93         902
         0.0000000000000000        0.0000000000000000        0.0000000000000000     
         1.0000000000000000        0.0000000000000000        0.0000000000000000     
         0.0000000000000000        1.0000000000000000        0.0000000000000000     

 !NewElementMapDefinition
          94        2113
         0.0000000000000000        0.0000000000000000        0.0000000000000000     
         1.0000000000000000        0.0000000000000000        0.0000000000000000     
         0.0000000000000000        0.0000000000000000        1.0000000000000000     

 !NewElementMapDefinition
          95        4422
         0.0000000000000000        0.0000000000000000        0.0000000000000000     
         1.0000000000000000        0.0000000000000000        0.0000000000000000     
         0.0000000000000000        1.0000000000000000        0.0000000000000000     

 !NewElementMapDefinition
          96        5255
         1.0000000000000000        0.0000000000000000        0.0000000000000000     
         0.0000000000000000        1.0000000000000000        0.0000000000000000     
         0.0000000000000000        0.0000000000000000        1.0000000000000000     

 !NewElementMapDefinition
          97        4162
         0.0000000000000000        0.0000000000000000        0.0000000000000000     
         1.0000000000000000        0.0000000000000000        0.0000000000000000     
         0.0000000000000000        1.0000000000000000        0.0000000000000000     

 !NewElementMapDefinition
          98        5784
         0.0000000000000000        0.0000000000000000        0.0000000000000000     
         1.0000000000000000        0.0000000000000000        0.0000000000000000     
         0.0000000000000000        1.0000000000000000        0.0000000000000000     

 !NewElementMapDefinition
          99        2833
         1.0000000000000000        0.0000000000000000        0.0000000000000000     
         0.0000000000000000        1.0000000000000000        0.0000000000000000     
         0.0000000000000000        0.0000000000000000        1.0000000000000000     

 !NewElementMapDefinition
         100        6101
         0.0000000000000000        0.0000000000000000        0.0000000000000000     
         1.0000000000000000        0.0000000000000000        0.0000000000000000     
         0.0000000000000000        1.0000000000000000        0.0000000000000000     

 !NewElementMapDefinition
         101        1604
         0.0000000000000000        0.0000000000000000        0.0000000000000000     
         1.0000000000000000        0.0000000000000000        0.0000000000000000     
         0.0000000000000000        1.0000000000000000        0.0000000000000000     

 !NewElementMapDefinition
         102        5184
         0.0000000000000000        0.0000000000000000        0.0000000000000000     
         1.0000000000000000        0.0000000000000000        0.0000000000000000     
         0.0000000000000000        1.0000000000000000        0.0000000000000000     

 !NewElementMapDefinition
         103        2475
         1.0000000000000000        0.0000000000000000        0.0000000000000000     
         0.0000000000000000        1.0000000000000000        0.0000000000000000     
         0.0000000000000000        0.0000000000000000        1.0000000000000000     

 !NewElementMapDefinition
         104        5176
         0.0000000000000000        0.0000000000000000        0.0000000000000000     
         1.0000000000000000        0.0000000000000000        0.0000000000000000     
         0.0000000000000000        1.0000000000000000        0.0000000000000000     

 !NewElementMapDefinition
         105        5290
         0.0000000000000000        0.0000000000000000        0.0000000000000000     
         1.0000000000000000        0.0000000000000000        0.0000000000000000     
         0.0000000000000000        1.0000000000000000        0.0000000000000000     

 !NewElementMapDefinition
         106        5805
         0.0000000000000000        0.0000000000000000        0.0000000000000000     
         1.0000000000000000        0.0000000000000000        0.0000000000000000     
         0.0000000000000000        1.0000000000000000        0.0000000000000000     

 !NewElementMapDefinition
         107        4359
         0.0000000000000000        0.0000000000000000        0.0000000000000000     
         1.0000000000000000        0.0000000000000000        0.0000000000000000     
         0.0000000000000000        1.0000000000000000        0.0000000000000000     

 !NewElementMapDefinition
         108        5763
         0.0000000000000000        0.0000000000000000        0.0000000000000000     
         1.0000000000000000        0.0000000000000000        0.0000000000000000     
         0.0000000000000000        1.0000000000000000        0.0000000000000000     

 !NewElementMapDefinition
         109        6680
         0.0000000000000000        0.0000000000000000        0.0000000000000000     
         1.0000000000000000        0.0000000000000000        0.0000000000000000     
         0.0000000000000000        0.0000000000000000        1.0000000000000000     

 !NewElementMapDefinition
         110        5597
         1.0000000000000000        0.0000000000000000        0.0000000000000000     
         0.0000000000000000        1.0000000000000000        0.0000000000000000     
         0.0000000000000000        0.0000000000000000        1.0000000000000000     

 !NewElementMapDefinition
         111        3008
         0.0000000000000000        0.0000000000000000        0.0000000000000000     
         1.0000000000000000        0.0000000000000000        0.0000000000000000     
         0.0000000000000000        1.0000000000000000        0.0000000000000000     

 !NewElementMapDefinition
         112        5348
         1.0000000000000000        0.0000000000000000        0.0000000000000000     
         0.0000000000000000        1.0000000000000000        0.0000000000000000     
         0.0000000000000000        0.0000000000000000        1.0000000000000000     

 !NewElementMapDefinition
         113        5487
         0.0000000000000000        0.0000000000000000        0.0000000000000000     
         1.0000000000000000        0.0000000000000000        0.0000000000000000     
         0.0000000000000000        1.0000000000000000        0.0000000000000000     

 !NewElementMapDefinition
         114        5481
         0.0000000000000000        0.0000000000000000        0.0000000000000000     
         1.0000000000000000        0.0000000000000000        0.0000000000000000     
         0.0000000000000000        1.0000000000000000        0.0000000000000000     

 !NewElementMapDefinition
         115        6529
         1.0000000000000000        0.0000000000000000        0.0000000000000000     
         0.0000000000000000        1.0000000000000000        0.0000000000000000     
         0.0000000000000000        0.0000000000000000        1.0000000000000000     

 !NewElementMapDefinition
         116        4628
         0.0000000000000000        0.0000000000000000        0.0000000000000000     
         1.0000000000000000        0.0000000000000000        0.0000000000000000     
         0.0000000000000000        0.0000000000000000        1.0000000000000000     

 !NewElementMapDefinition
         117        3876
         1.0000000000000000        0.0000000000000000        0.0000000000000000     
         0.0000000000000000        1.0000000000000000        0.0000000000000000     
         0.0000000000000000        0.0000000000000000        1.0000000000000000     

 !NewElementMapDefinition
         118        3385
         1.0000000000000000        0.0000000000000000        0.0000000000000000     
         0.0000000000000000        1.0000000000000000        0.0000000000000000     
         0.0000000000000000        0.0000000000000000        1.0000000000000000     

 !NewElementMapDefinition
         119        6530
         1.0000000000000000        0.0000000000000000        0.0000000000000000     
         0.0000000000000000        1.0000000000000000        0.0000000000000000     
         0.0000000000000000        0.0000000000000000        1.0000000000000000     

 !NewElementMapDefinition
         120        5048
         0.0000000000000000        0.0000000000000000        0.0000000000000000     
         1.0000000000000000        0.0000000000000000        0.0000000000000000     
         0.0000000000000000        1.0000000000000000        0.0000000000000000     

 !NewElementMapDefinition
         121        6159
         0.0000000000000000        0.0000000000000000        0.0000000000000000     
         1.0000000000000000        0.0000000000000000        0.0000000000000000     
         0.0000000000000000        1.0000000000000000        0.0000000000000000     

 !NewElementMapDefinition
         122       12070
         1.0000000000000000        0.0000000000000000        0.0000000000000000     
         0.0000000000000000        1.0000000000000000        0.0000000000000000     
         0.0000000000000000        0.0000000000000000        1.0000000000000000     

 !NewElementMapDefinition
         123       12071
         0.0000000000000000        0.0000000000000000        0.0000000000000000     
         1.0000000000000000        0.0000000000000000        0.0000000000000000     
         0.0000000000000000        0.0000000000000000        1.0000000000000000     

 !NewElementMapDefinition
         124       12765
         0.0000000000000000        0.0000000000000000        0.0000000000000000     
         1.0000000000000000        0.0000000000000000        0.0000000000000000     
         0.0000000000000000        0.0000000000000000        1.0000000000000000     

 !NewElementMapDefinition
         125       12757
         0.0000000000000000        0.0000000000000000        0.0000000000000000     
         1.0000000000000000        0.0000000000000000        0.0000000000000000     
         0.0000000000000000        0.0000000000000000        1.0000000000000000     

 !NewElementMapDefinition
         126       10373
         1.0000000000000000        0.0000000000000000        0.0000000000000000     
         0.0000000000000000        1.0000000000000000        0.0000000000000000     
         0.0000000000000000        0.0000000000000000        1.0000000000000000     

 !NewElementMapDefinition
         127       10797
         1.0000000000000000        0.0000000000000000        0.0000000000000000     
         0.0000000000000000        1.0000000000000000        0.0000000000000000     
         0.0000000000000000        0.0000000000000000        1.0000000000000000     

 !NewElementMapDefinition
         128       12139
         0.0000000000000000        0.0000000000000000        0.0000000000000000     
         1.0000000000000000        0.0000000000000000        0.0000000000000000     
         0.0000000000000000        1.0000000000000000        0.0000000000000000     

 !NewElementMapDefinition
         129       11966
         0.0000000000000000        0.0000000000000000        0.0000000000000000     
         1.0000000000000000        0.0000000000000000        0.0000000000000000     
         0.0000000000000000        1.0000000000000000        0.0000000000000000     

 !NewElementMapDefinition
         130       11628
         0.0000000000000000        0.0000000000000000        0.0000000000000000     
         1.0000000000000000        0.0000000000000000        0.0000000000000000     
         0.0000000000000000        1.0000000000000000        0.0000000000000000     

 !NewElementMapDefinition
         131       12652
         0.0000000000000000        0.0000000000000000        0.0000000000000000     
         1.0000000000000000        0.0000000000000000        0.0000000000000000     
         0.0000000000000000        1.0000000000000000        0.0000000000000000     

 !NewElementMapDefinition
         132        8610
         0.0000000000000000        0.0000000000000000        0.0000000000000000     
         1.0000000000000000        0.0000000000000000        0.0000000000000000     
         0.0000000000000000        1.0000000000000000        0.0000000000000000     

 !NewElementMapDefinition
         133       12599
         0.0000000000000000        0.0000000000000000        0.0000000000000000     
         1.0000000000000000        0.0000000000000000        0.0000000000000000     
         0.0000000000000000        1.0000000000000000        0.0000000000000000     

 !NewElementMapDefinition
         134       10804
         0.0000000000000000        0.0000000000000000        0.0000000000000000     
         1.0000000000000000        0.0000000000000000        0.0000000000000000     
         0.0000000000000000        1.0000000000000000        0.0000000000000000     

 !NewElementMapDefinition
         135       12121
         0.0000000000000000        0.0000000000000000        0.0000000000000000     
         1.0000000000000000        0.0000000000000000        0.0000000000000000     
         0.0000000000000000        1.0000000000000000        0.0000000000000000     

 !NewElementMapDefinition
         136       10511
         0.0000000000000000        0.0000000000000000        0.0000000000000000     
         1.0000000000000000        0.0000000000000000        0.0000000000000000     
         0.0000000000000000        1.0000000000000000        0.0000000000000000     

 !NewElementMapDefinition
         137       12007
         0.0000000000000000        0.0000000000000000        0.0000000000000000     
         1.0000000000000000        0.0000000000000000        0.0000000000000000     
         0.0000000000000000        1.0000000000000000        0.0000000000000000     

 !NewElementMapDefinition
         138       12482
         0.0000000000000000        0.0000000000000000        0.0000000000000000     
         1.0000000000000000        0.0000000000000000        0.0000000000000000     
         0.0000000000000000        1.0000000000000000        0.0000000000000000     

 !NewElementMapDefinition
         139       11322
         0.0000000000000000        0.0000000000000000        0.0000000000000000     
         1.0000000000000000        0.0000000000000000        0.0000000000000000     
         0.0000000000000000        1.0000000000000000        0.0000000000000000     

 !NewElementMapDefinition
         140       12294
         0.0000000000000000        0.0000000000000000        0.0000000000000000     
         0.0000000000000000        1.0000000000000000        0.0000000000000000     
         0.0000000000000000        0.0000000000000000        1.0000000000000000     

 !NewElementMapDefinition
         141        9960
         1.0000000000000000        0.0000000000000000        0.0000000000000000     
         0.0000000000000000        1.0000000000000000        0.0000000000000000     
         0.0000000000000000        0.0000000000000000        1.0000000000000000     

 !NewElementMapDefinition
         142        9179
         0.0000000000000000        0.0000000000000000        0.0000000000000000     
         1.0000000000000000        0.0000000000000000        0.0000000000000000     
         0.0000000000000000        1.0000000000000000        0.0000000000000000     

 !NewElementMapDefinition
         143       12453
         0.0000000000000000        0.0000000000000000        0.0000000000000000     
         1.0000000000000000        0.0000000000000000        0.0000000000000000     
         0.0000000000000000        1.0000000000000000        0.0000000000000000     

 !NewElementMapDefinition
         144        9972
         1.0000000000000000        0.0000000000000000        0.0000000000000000     
         0.0000000000000000        1.0000000000000000        0.0000000000000000     
         0.0000000000000000        0.0000000000000000        1.0000000000000000     

 !NewElementMapDefinition
         145       12075
         0.0000000000000000        0.0000000000000000        0.0000000000000000     
         1.0000000000000000        0.0000000000000000        0.0000000000000000     
         0.0000000000000000        1.0000000000000000        0.0000000000000000     

 !NewElementMapDefinition
         146       12670
         0.0000000000000000        0.0000000000000000        0.0000000000000000     
         1.0000000000000000        0.0000000000000000        0.0000000000000000     
         0.0000000000000000        1.0000000000000000        0.0000000000000000     

 !NewElementMapDefinition
         147       10662
         0.0000000000000000        0.0000000000000000        0.0000000000000000     
         1.0000000000000000        0.0000000000000000        0.0000000000000000     
         0.0000000000000000        1.0000000000000000        0.0000000000000000     

 !NewElementMapDefinition
         148       12723
         0.0000000000000000        0.0000000000000000        0.0000000000000000     
         1.0000000000000000        0.0000000000000000        0.0000000000000000     
         0.0000000000000000        1.0000000000000000        0.0000000000000000     

 !NewElementMapDefinition
         149       11162
         0.0000000000000000        0.0000000000000000        0.0000000000000000     
         1.0000000000000000        0.0000000000000000        0.0000000000000000     
         0.0000000000000000        1.0000000000000000        0.0000000000000000     

 !NewElementMapDefinition
         150       12534
         0.0000000000000000        0.0000000000000000        0.0000000000000000     
         1.0000000000000000        0.0000000000000000        0.0000000000000000     
         0.0000000000000000        1.0000000000000000        0.0000000000000000     

 !NewElementMapDefinition
         151       10316
         0.0000000000000000        0.0000000000000000        0.0000000000000000     
         1.0000000000000000        0.0000000000000000        0.0000000000000000     
         0.0000000000000000        1.0000000000000000        0.0000000000000000     

 !NewElementMapDefinition
         152       12065
         0.0000000000000000        0.0000000000000000        0.0000000000000000     
         1.0000000000000000        0.0000000000000000        0.0000000000000000     
         0.0000000000000000        1.0000000000000000        0.0000000000000000     

 !NewElementMapDefinition
         153       11421
         0.0000000000000000        0.0000000000000000        0.0000000000000000     
         1.0000000000000000        0.0000000000000000        0.0000000000000000     
         0.0000000000000000        1.0000000000000000        0.0000000000000000     

 !NewElementMapDefinition
         154       12356
         0.0000000000000000        0.0000000000000000        0.0000000000000000     
         1.0000000000000000        0.0000000000000000        0.0000000000000000     
         0.0000000000000000        1.0000000000000000        0.0000000000000000     

 !NewElementMapDefinition
         155       11507
         0.0000000000000000        0.0000000000000000        0.0000000000000000     
         1.0000000000000000        0.0000000000000000        0.0000000000000000     
         0.0000000000000000        0.0000000000000000        1.0000000000000000     

 !NewElementMapDefinition
         156       10629
         0.0000000000000000        0.0000000000000000        0.0000000000000000     
         1.0000000000000000        0.0000000000000000        0.0000000000000000     
         0.0000000000000000        1.0000000000000000        0.0000000000000000     

 !NewElementMapDefinition
         157       12624
         0.0000000000000000        0.0000000000000000        0.0000000000000000     
         1.0000000000000000        0.0000000000000000        0.0000000000000000     
         0.0000000000000000        0.0000000000000000        1.0000000000000000     

 !NewElementMapDefinition
         158        9408
         0.0000000000000000        0.0000000000000000        0.0000000000000000     
         1.0000000000000000        0.0000000000000000        0.0000000000000000     
         0.0000000000000000        1.0000000000000000        0.0000000000000000     

 !NewElementMapDefinition
         159        8438
         0.0000000000000000        0.0000000000000000        0.0000000000000000     
         1.0000000000000000        0.0000000000000000        0.0000000000000000     
         0.0000000000000000        1.0000000000000000        0.0000000000000000     

 !NewElementMapDefinition
         160       11241
         0.0000000000000000        0.0000000000000000        0.0000000000000000     
         1.0000000000000000        0.0000000000000000        0.0000000000000000     
         0.0000000000000000        1.0000000000000000        0.0000000000000000     

 !NewElementMapDefinition
         161       12181
         0.0000000000000000        0.0000000000000000        0.0000000000000000     
         1.0000000000000000        0.0000000000000000        0.0000000000000000     
         0.0000000000000000        1.0000000000000000        0.0000000000000000     

 !NewElementMapDefinition
         162       10928
         0.0000000000000000        0.0000000000000000        0.0000000000000000     
         1.0000000000000000        0.0000000000000000        0.0000000000000000     
         0.0000000000000000        1.0000000000000000        0.0000000000000000     

 !NewElementMapDefinition
         163       12040
         0.0000000000000000        0.0000000000000000        0.0000000000000000     
         1.0000000000000000        0.0000000000000000        0.0000000000000000     
         0.0000000000000000        1.0000000000000000        0.0000000000000000     

 !NewElementMapDefinition
         164       12817
         0.0000000000000000        0.0000000000000000        0.0000000000000000     
         1.0000000000000000        0.0000000000000000        0.0000000000000000     
         0.0000000000000000        1.0000000000000000        0.0000000000000000     

 !NewElementMapDefinition
         165       12847
         0.0000000000000000        0.0000000000000000        0.0000000000000000     
         1.0000000000000000        0.0000000000000000        0.0000000000000000     
         0.0000000000000000        1.0000000000000000        0.0000000000000000     

 !NewElementMapDefinition
         166       11223
         0.0000000000000000        0.0000000000000000        0.0000000000000000     
         1.0000000000000000        0.0000000000000000        0.0000000000000000     
         0.0000000000000000        1.0000000000000000        0.0000000000000000     

 !NewElementMapDefinition
         167       12285
         0.0000000000000000        0.0000000000000000        0.0000000000000000     
         1.0000000000000000        0.0000000000000000        0.0000000000000000     
         0.0000000000000000        1.0000000000000000        0.0000000000000000     

 !NewElementMapDefinition
         168       12254
         0.0000000000000000        0.0000000000000000        0.0000000000000000     
         1.0000000000000000        0.0000000000000000        0.0000000000000000     
         0.0000000000000000        1.0000000000000000        0.0000000000000000     

 !NewElementMapDefinition
         169       12800
         0.0000000000000000        0.0000000000000000        0.0000000000000000     
         1.0000000000000000        0.0000000000000000        0.0000000000000000     
         0.0000000000000000        1.0000000000000000        0.0000000000000000     

 !NewElementMapDefinition
         170       12920
         1.0000000000000000        0.0000000000000000        0.0000000000000000     
         0.0000000000000000        1.0000000000000000        0.0000000000000000     
         0.0000000000000000        0.0000000000000000        1.0000000000000000     

 !NewElementMapDefinition
         171       12483
         0.0000000000000000        0.0000000000000000        0.0000000000000000     
         1.0000000000000000        0.0000000000000000        0.0000000000000000     
         0.0000000000000000        0.0000000000000000        1.0000000000000000     

 !NewElementMapDefinition
         172       11484
         1.0000000000000000        0.0000000000000000        0.0000000000000000     
         0.0000000000000000        1.0000000000000000        0.0000000000000000     
         0.0000000000000000        0.0000000000000000        1.0000000000000000     

 !NewElementMapDefinition
         173        9313
         0.0000000000000000        0.0000000000000000        0.0000000000000000     
         1.0000000000000000        0.0000000000000000        0.0000000000000000     
         0.0000000000000000        0.0000000000000000        1.0000000000000000     

 !NewElementMapDefinition
         174        8278
         0.0000000000000000        0.0000000000000000        0.0000000000000000     
         1.0000000000000000        0.0000000000000000        0.0000000000000000     
         0.0000000000000000        1.0000000000000000        0.0000000000000000     

 !NewElementMapDefinition
         175       10584
         0.0000000000000000        0.0000000000000000        0.0000000000000000     
         1.0000000000000000        0.0000000000000000        0.0000000000000000     
         0.0000000000000000        1.0000000000000000        0.0000000000000000     

 !NewElementMapDefinition
         176       11793
         0.0000000000000000        0.0000000000000000        0.0000000000000000     
         1.0000000000000000        0.0000000000000000        0.0000000000000000     
         0.0000000000000000        1.0000000000000000        0.0000000000000000     

 !NewElementMapDefinition
         177       11184
         0.0000000000000000        0.0000000000000000        0.0000000000000000     
         1.0000000000000000        0.0000000000000000        0.0000000000000000     
         0.0000000000000000        1.0000000000000000        0.0000000000000000     

 !NewElementMapDefinition
         178       12526
         0.0000000000000000        0.0000000000000000        0.0000000000000000     
         1.0000000000000000        0.0000000000000000        0.0000000000000000     
         0.0000000000000000        1.0000000000000000        0.0000000000000000     

 !NewElementMapDefinition
         179       11347
         0.0000000000000000        0.0000000000000000        0.0000000000000000     
         1.0000000000000000        0.0000000000000000        0.0000000000000000     
         0.0000000000000000        1.0000000000000000        0.0000000000000000     

 !NewElementMapDefinition
         180       12464
         0.0000000000000000        0.0000000000000000        0.0000000000000000     
         1.0000000000000000        0.0000000000000000        0.0000000000000000     
         0.0000000000000000        1.0000000000000000        0.0000000000000000     

 !NewElementMapDefinition
         181       10342
         0.0000000000000000        0.0000000000000000        0.0000000000000000     
         1.0000000000000000        0.0000000000000000        0.0000000000000000     
         0.0000000000000000        1.0000000000000000        0.0000000000000000     

 !NewElementMapDefinition
         182       12382
         0.0000000000000000        0.0000000000000000        0.0000000000000000     
         1.0000000000000000        0.0000000000000000        0.0000000000000000     
         0.0000000000000000        1.0000000000000000        0.0000000000000000     

 !NewElementMapDefinition
         183       12785
         0.0000000000000000        0.0000000000000000        0.0000000000000000     
         1.0000000000000000        0.0000000000000000        0.0000000000000000     
         0.0000000000000000        1.0000000000000000        0.0000000000000000     

 !NewElementMapDefinition
         184       12825
         0.0000000000000000        0.0000000000000000        0.0000000000000000     
         1.0000000000000000        0.0000000000000000        0.0000000000000000     
         0.0000000000000000        1.0000000000000000        0.0000000000000000     

 !NewElementMapDefinition
         185       11335
         1.0000000000000000        0.0000000000000000        0.0000000000000000     
         0.0000000000000000        1.0000000000000000        0.0000000000000000     
         0.0000000000000000        0.0000000000000000        1.0000000000000000     

 !NewElementMapDefinition
         186       12478
         0.0000000000000000        0.0000000000000000        0.0000000000000000     
         1.0000000000000000        0.0000000000000000        0.0000000000000000     
         0.0000000000000000        0.0000000000000000        1.0000000000000000     

 !NewElementMapDefinition
         187       12162
         0.0000000000000000        0.0000000000000000        0.0000000000000000     
         1.0000000000000000        0.0000000000000000        0.0000000000000000     
         0.0000000000000000        1.0000000000000000        0.0000000000000000     

 !NewElementMapDefinition
         188       10452
         0.0000000000000000        0.0000000000000000        0.0000000000000000     
         1.0000000000000000        0.0000000000000000        0.0000000000000000     
         0.0000000000000000        1.0000000000000000        0.0000000000000000     

 !NewElementMapDefinition
         189        9817
         0.0000000000000000        0.0000000000000000        0.0000000000000000     
         1.0000000000000000        0.0000000000000000        0.0000000000000000     
         0.0000000000000000        0.0000000000000000        1.0000000000000000     

 !NewElementMapDefinition
         190       12297
         0.0000000000000000        0.0000000000000000        0.0000000000000000     
         1.0000000000000000        0.0000000000000000        0.0000000000000000     
         0.0000000000000000        1.0000000000000000        0.0000000000000000     

 !NewElementMapDefinition
         191        9080
         0.0000000000000000        0.0000000000000000        0.0000000000000000     
         1.0000000000000000        0.0000000000000000        0.0000000000000000     
         0.0000000000000000        1.0000000000000000        0.0000000000000000     

 !NewElementMapDefinition
         192       11559
         0.0000000000000000        0.0000000000000000        0.0000000000000000     
         1.0000000000000000        0.0000000000000000        0.0000000000000000     
         0.0000000000000000        1.0000000000000000        0.0000000000000000     

 !NewElementMapDefinition
         193       12768
         0.0000000000000000        0.0000000000000000        0.0000000000000000     
         1.0000000000000000        0.0000000000000000        0.0000000000000000     
         0.0000000000000000        1.0000000000000000        0.0000000000000000     

 !NewElementMapDefinition
         194       10935
         0.0000000000000000        0.0000000000000000        0.0000000000000000     
         1.0000000000000000        0.0000000000000000        0.0000000000000000     
         0.0000000000000000        1.0000000000000000        0.0000000000000000     

 !NewElementMapDefinition
         195       12621
         0.0000000000000000        0.0000000000000000        0.0000000000000000     
         1.0000000000000000        0.0000000000000000        0.0000000000000000     
         0.0000000000000000        1.0000000000000000        0.0000000000000000     

 !NewElementMapDefinition
         196       11275
         0.0000000000000000        0.0000000000000000        0.0000000000000000     
         1.0000000000000000        0.0000000000000000        0.0000000000000000     
         0.0000000000000000        1.0000000000000000        0.0000000000000000     

 !NewElementMapDefinition
         197       12680
         0.0000000000000000        0.0000000000000000        0.0000000000000000     
         1.0000000000000000        0.0000000000000000        0.0000000000000000     
         0.0000000000000000        1.0000000000000000        0.0000000000000000     

 !NewElementMapDefinition
         198       12158
         0.0000000000000000        0.0000000000000000        0.0000000000000000     
         1.0000000000000000        0.0000000000000000        0.0000000000000000     
         0.0000000000000000        1.0000000000000000        0.0000000000000000     

 !NewElementMapDefinition
         199       12276
         0.0000000000000000        0.0000000000000000        0.0000000000000000     
         1.0000000000000000        0.0000000000000000        0.0000000000000000     
         0.0000000000000000        1.0000000000000000        0.0000000000000000     

 !NewElementMapDefinition
         200       11202
         0.0000000000000000        0.0000000000000000        0.0000000000000000     
         1.0000000000000000        0.0000000000000000        0.0000000000000000     
         0.0000000000000000        1.0000000000000000        0.0000000000000000     

 !NewElementMapDefinition
         201       12485
         0.0000000000000000        0.0000000000000000        0.0000000000000000     
         1.0000000000000000        0.0000000000000000        0.0000000000000000     
         0.0000000000000000        1.0000000000000000        0.0000000000000000     

 !NewElementMapDefinition
         202       12665
         0.0000000000000000        0.0000000000000000        0.0000000000000000     
         1.0000000000000000        0.0000000000000000        0.0000000000000000     
         0.0000000000000000        0.0000000000000000        1.0000000000000000     

 !NewElementMapDefinition
         203        8789
         1.0000000000000000        0.0000000000000000        0.0000000000000000     
         0.0000000000000000        1.0000000000000000        0.0000000000000000     
         0.0000000000000000        0.0000000000000000        1.0000000000000000     

 !NewElementMapDefinition
         204       11958
         0.0000000000000000        0.0000000000000000        0.0000000000000000     
         1.0000000000000000        0.0000000000000000        0.0000000000000000     
         0.0000000000000000        1.0000000000000000        0.0000000000000000     

 !NewElementMapDefinition
         205        7629
         0.0000000000000000        0.0000000000000000        0.0000000000000000     
         1.0000000000000000        0.0000000000000000        0.0000000000000000     
         0.0000000000000000        0.0000000000000000        1.0000000000000000     

 !NewElementMapDefinition
         206       10311
         1.0000000000000000        0.0000000000000000        0.0000000000000000     
         0.0000000000000000        1.0000000000000000        0.0000000000000000     
         0.0000000000000000        0.0000000000000000        1.0000000000000000     

 !NewElementMapDefinition
         207       10558
         0.0000000000000000        0.0000000000000000        0.0000000000000000     
         1.0000000000000000        0.0000000000000000        0.0000000000000000     
         0.0000000000000000        1.0000000000000000        0.0000000000000000     

 !NewElementMapDefinition
         208       12027
         1.0000000000000000        0.0000000000000000        0.0000000000000000     
         0.0000000000000000        1.0000000000000000        0.0000000000000000     
         0.0000000000000000        0.0000000000000000        1.0000000000000000     

 !NewElementMapDefinition
         209        8923
         0.0000000000000000        0.0000000000000000        0.0000000000000000     
         1.0000000000000000        0.0000000000000000        0.0000000000000000     
         0.0000000000000000        1.0000000000000000        0.0000000000000000     

 !NewElementMapDefinition
         210       11867
         0.0000000000000000        0.0000000000000000        0.0000000000000000     
         1.0000000000000000        0.0000000000000000        0.0000000000000000     
         0.0000000000000000        1.0000000000000000        0.0000000000000000     

 !NewElementMapDefinition
         211        9280
         0.0000000000000000        0.0000000000000000        0.0000000000000000     
         1.0000000000000000        0.0000000000000000        0.0000000000000000     
         0.0000000000000000        1.0000000000000000        0.0000000000000000     

 !NewElementMapDefinition
         212       11131
         0.0000000000000000        0.0000000000000000        0.0000000000000000     
         1.0000000000000000        0.0000000000000000        0.0000000000000000     
         0.0000000000000000        1.0000000000000000        0.0000000000000000     

 !NewElementMapDefinition
         213       10479
         0.0000000000000000        0.0000000000000000        0.0000000000000000     
         1.0000000000000000        0.0000000000000000        0.0000000000000000     
         0.0000000000000000        1.0000000000000000        0.0000000000000000     

 !NewElementMapDefinition
         214       11861
         0.0000000000000000        0.0000000000000000        0.0000000000000000     
         1.0000000000000000        0.0000000000000000        0.0000000000000000     
         0.0000000000000000        1.0000000000000000        0.0000000000000000     

 !NewElementMapDefinition
         215       11324
         0.0000000000000000        0.0000000000000000        0.0000000000000000     
         1.0000000000000000        0.0000000000000000        0.0000000000000000     
         0.0000000000000000        1.0000000000000000        0.0000000000000000     

 !NewElementMapDefinition
         216       12228
         0.0000000000000000        0.0000000000000000        0.0000000000000000     
         1.0000000000000000        0.0000000000000000        0.0000000000000000     
         0.0000000000000000        1.0000000000000000        0.0000000000000000     

 !NewElementMapDefinition
         217       12219
         0.0000000000000000        0.0000000000000000        0.0000000000000000     
         1.0000000000000000        0.0000000000000000        0.0000000000000000     
         0.0000000000000000        0.0000000000000000        1.0000000000000000     

 !NewElementMapDefinition
         218       11610
         0.0000000000000000        0.0000000000000000        0.0000000000000000     
         1.0000000000000000        0.0000000000000000        0.0000000000000000     
         0.0000000000000000        1.0000000000000000        0.0000000000000000     

 !NewElementMapDefinition
         219       10650
         0.0000000000000000        0.0000000000000000        0.0000000000000000     
         1.0000000000000000        0.0000000000000000        0.0000000000000000     
         0.0000000000000000        1.0000000000000000        0.0000000000000000     

 !NewElementMapDefinition
         220       11833
         0.0000000000000000        0.0000000000000000        0.0000000000000000     
         1.0000000000000000        0.0000000000000000        0.0000000000000000     
         0.0000000000000000        1.0000000000000000        0.0000000000000000     

 !NewElementMapDefinition
         221       12196
         0.0000000000000000        0.0000000000000000        0.0000000000000000     
         1.0000000000000000        0.0000000000000000        0.0000000000000000     
         0.0000000000000000        1.0000000000000000        0.0000000000000000     

 !NewElementMapDefinition
         222       12640
         1.0000000000000000        0.0000000000000000        0.0000000000000000     
         0.0000000000000000        1.0000000000000000        0.0000000000000000     
         0.0000000000000000        0.0000000000000000        1.0000000000000000     

 !NewElementMapDefinition
         223       12128
         0.0000000000000000        0.0000000000000000        0.0000000000000000     
         1.0000000000000000        0.0000000000000000        0.0000000000000000     
         0.0000000000000000        1.0000000000000000        0.0000000000000000     

 !NewElementMapDefinition
         224       12242
         1.0000000000000000        0.0000000000000000        0.0000000000000000     
         0.0000000000000000        1.0000000000000000        0.0000000000000000     
         0.0000000000000000        0.0000000000000000        1.0000000000000000     

 !NewElementMapDefinition
         225       11284
         0.0000000000000000        0.0000000000000000        0.0000000000000000     
         1.0000000000000000        0.0000000000000000        0.0000000000000000     
         0.0000000000000000        1.0000000000000000        0.0000000000000000     

 !NewElementMapDefinition
         226        9718
         1.0000000000000000        0.0000000000000000        0.0000000000000000     
         0.0000000000000000        1.0000000000000000        0.0000000000000000     
         0.0000000000000000        0.0000000000000000        1.0000000000000000     

 !NewElementMapDefinition
         227       12605
         0.0000000000000000        0.0000000000000000        0.0000000000000000     
         1.0000000000000000        0.0000000000000000        0.0000000000000000     
         0.0000000000000000        0.0000000000000000        1.0000000000000000     

 !NewElementMapDefinition
         228       17725
         0.0000000000000000        0.0000000000000000        0.0000000000000000     
         1.0000000000000000        0.0000000000000000        0.0000000000000000     
         0.0000000000000000        0.0000000000000000        1.0000000000000000     

 !NewElementMapDefinition
         229       17726
         1.0000000000000000        0.0000000000000000        0.0000000000000000     
         0.0000000000000000        1.0000000000000000        0.0000000000000000     
         0.0000000000000000        0.0000000000000000        1.0000000000000000     

 !NewElementMapDefinition
         230       16280
         0.0000000000000000        0.0000000000000000        0.0000000000000000     
         0.0000000000000000        1.0000000000000000        0.0000000000000000     
         0.0000000000000000        0.0000000000000000        1.0000000000000000     

 !NewElementMapDefinition
         231       16640
         0.0000000000000000        0.0000000000000000        0.0000000000000000     
         0.0000000000000000        1.0000000000000000        0.0000000000000000     
         0.0000000000000000        0.0000000000000000        1.0000000000000000     

 !NewElementMapDefinition
         232       16785
         1.0000000000000000        0.0000000000000000        0.0000000000000000     
         0.0000000000000000        1.0000000000000000        0.0000000000000000     
         0.0000000000000000        0.0000000000000000        1.0000000000000000     

 !NewElementMapDefinition
         233       17551
         0.0000000000000000        0.0000000000000000        0.0000000000000000     
         1.0000000000000000        0.0000000000000000        0.0000000000000000     
         0.0000000000000000        1.0000000000000000        0.0000000000000000     

 !NewElementMapDefinition
         234       17565
         0.0000000000000000        0.0000000000000000        0.0000000000000000     
         1.0000000000000000        0.0000000000000000        0.0000000000000000     
         0.0000000000000000        1.0000000000000000        0.0000000000000000     

 !NewElementMapDefinition
         235       18103
         0.0000000000000000        0.0000000000000000        0.0000000000000000     
         1.0000000000000000        0.0000000000000000        0.0000000000000000     
         0.0000000000000000        0.0000000000000000        1.0000000000000000     

 !NewElementMapDefinition
         236       15503
         0.0000000000000000        0.0000000000000000        0.0000000000000000     
         1.0000000000000000        0.0000000000000000        0.0000000000000000     
         0.0000000000000000        1.0000000000000000        0.0000000000000000     

 !NewElementMapDefinition
         237       17919
         0.0000000000000000        0.0000000000000000        0.0000000000000000     
         1.0000000000000000        0.0000000000000000        0.0000000000000000     
         0.0000000000000000        1.0000000000000000        0.0000000000000000     

 !NewElementMapDefinition
         238       14596
         0.0000000000000000        0.0000000000000000        0.0000000000000000     
         1.0000000000000000        0.0000000000000000        0.0000000000000000     
         0.0000000000000000        1.0000000000000000        0.0000000000000000     

 !NewElementMapDefinition
         239       16825
         0.0000000000000000        0.0000000000000000        0.0000000000000000     
         1.0000000000000000        0.0000000000000000        0.0000000000000000     
         0.0000000000000000        1.0000000000000000        0.0000000000000000     

 !NewElementMapDefinition
         240       15180
         0.0000000000000000        0.0000000000000000        0.0000000000000000     
         1.0000000000000000        0.0000000000000000        0.0000000000000000     
         0.0000000000000000        1.0000000000000000        0.0000000000000000     

 !NewElementMapDefinition
         241       16316
         0.0000000000000000        0.0000000000000000        0.0000000000000000     
         1.0000000000000000        0.0000000000000000        0.0000000000000000     
         0.0000000000000000        1.0000000000000000        0.0000000000000000     

 !NewElementMapDefinition
         242       15160
         0.0000000000000000        0.0000000000000000        0.0000000000000000     
         1.0000000000000000        0.0000000000000000        0.0000000000000000     
         0.0000000000000000        1.0000000000000000        0.0000000000000000     

 !NewElementMapDefinition
         243       17139
         0.0000000000000000        0.0000000000000000        0.0000000000000000     
         1.0000000000000000        0.0000000000000000        0.0000000000000000     
         0.0000000000000000        1.0000000000000000        0.0000000000000000     

 !NewElementMapDefinition
         244       17174
         0.0000000000000000        0.0000000000000000        0.0000000000000000     
         1.0000000000000000        0.0000000000000000        0.0000000000000000     
         0.0000000000000000        0.0000000000000000        1.0000000000000000     

 !NewElementMapDefinition
         245       15886
         0.0000000000000000        0.0000000000000000        0.0000000000000000     
         1.0000000000000000        0.0000000000000000        0.0000000000000000     
         0.0000000000000000        1.0000000000000000        0.0000000000000000     

 !NewElementMapDefinition
         246       17730
         0.0000000000000000        0.0000000000000000        0.0000000000000000     
         1.0000000000000000        0.0000000000000000        0.0000000000000000     
         0.0000000000000000        1.0000000000000000        0.0000000000000000     

 !NewElementMapDefinition
         247       14665
         1.0000000000000000        0.0000000000000000        0.0000000000000000     
         0.0000000000000000        1.0000000000000000        0.0000000000000000     
         0.0000000000000000        0.0000000000000000        1.0000000000000000     

 !NewElementMapDefinition
         248       14783
         0.0000000000000000        0.0000000000000000        0.0000000000000000     
         1.0000000000000000        0.0000000000000000        0.0000000000000000     
         0.0000000000000000        1.0000000000000000        0.0000000000000000     

 !NewElementMapDefinition
         249       17489
         0.0000000000000000        0.0000000000000000        0.0000000000000000     
         1.0000000000000000        0.0000000000000000        0.0000000000000000     
         0.0000000000000000        0.0000000000000000        1.0000000000000000     

 !NewElementMapDefinition
         250       14571
         1.0000000000000000        0.0000000000000000        0.0000000000000000     
         0.0000000000000000        1.0000000000000000        0.0000000000000000     
         0.0000000000000000        0.0000000000000000        1.0000000000000000     

 !NewElementMapDefinition
         251       13904
         1.0000000000000000        0.0000000000000000        0.0000000000000000     
         0.0000000000000000        1.0000000000000000        0.0000000000000000     
         0.0000000000000000        0.0000000000000000        1.0000000000000000     

 !NewElementMapDefinition
         252       15916
         0.0000000000000000        0.0000000000000000        0.0000000000000000     
         1.0000000000000000        0.0000000000000000        0.0000000000000000     
         0.0000000000000000        1.0000000000000000        0.0000000000000000     

 !NewElementMapDefinition
         253       16162
         1.0000000000000000        0.0000000000000000        0.0000000000000000     
         0.0000000000000000        1.0000000000000000        0.0000000000000000     
         0.0000000000000000        0.0000000000000000        1.0000000000000000     

 !NewElementMapDefinition
         254       15782
         0.0000000000000000        0.0000000000000000        0.0000000000000000     
         1.0000000000000000        0.0000000000000000        0.0000000000000000     
         0.0000000000000000        1.0000000000000000        0.0000000000000000     

 !NewElementMapDefinition
         255       17522
         0.0000000000000000        0.0000000000000000        0.0000000000000000     
         1.0000000000000000        0.0000000000000000        0.0000000000000000     
         0.0000000000000000        1.0000000000000000        0.0000000000000000     

 !NewElementMapDefinition
         256       16665
         0.0000000000000000        0.0000000000000000        0.0000000000000000     
         1.0000000000000000        0.0000000000000000        0.0000000000000000     
         0.0000000000000000        1.0000000000000000        0.0000000000000000     

 !NewElementMapDefinition
         257       17568
         0.0000000000000000        0.0000000000000000        0.0000000000000000     
         1.0000000000000000        0.0000000000000000        0.0000000000000000     
         0.0000000000000000        1.0000000000000000        0.0000000000000000     

 !NewElementMapDefinition
         258       16558
         0.0000000000000000        0.0000000000000000        0.0000000000000000     
         1.0000000000000000        0.0000000000000000        0.0000000000000000     
         0.0000000000000000        1.0000000000000000        0.0000000000000000     

 !NewElementMapDefinition
         259       17830
         0.0000000000000000        0.0000000000000000        0.0000000000000000     
         1.0000000000000000        0.0000000000000000        0.0000000000000000     
         0.0000000000000000        1.0000000000000000        0.0000000000000000     

 !NewElementMapDefinition
         260       16557
         0.0000000000000000        0.0000000000000000        0.0000000000000000     
         1.0000000000000000        0.0000000000000000        0.0000000000000000     
         0.0000000000000000        1.0000000000000000        0.0000000000000000     

 !NewElementMapDefinition
         261       17373
         0.0000000000000000        0.0000000000000000        0.0000000000000000     
         1.0000000000000000        0.0000000000000000        0.0000000000000000     
         0.0000000000000000        1.0000000000000000        0.0000000000000000     

 !NewElementMapDefinition
         262       16931
         0.0000000000000000        0.0000000000000000        0.0000000000000000     
         1.0000000000000000        0.0000000000000000        0.0000000000000000     
         0.0000000000000000        1.0000000000000000        0.0000000000000000     

 !NewElementMapDefinition
         263       16916
         0.0000000000000000        0.0000000000000000        0.0000000000000000     
         1.0000000000000000        0.0000000000000000        0.0000000000000000     
         0.0000000000000000        0.0000000000000000        1.0000000000000000     

 !NewElementMapDefinition
         264       17334
         0.0000000000000000        0.0000000000000000        0.0000000000000000     
         1.0000000000000000        0.0000000000000000        0.0000000000000000     
         0.0000000000000000        1.0000000000000000        0.0000000000000000     

 !NewElementMapDefinition
         265       14841
         1.0000000000000000        0.0000000000000000        0.0000000000000000     
         0.0000000000000000        1.0000000000000000        0.0000000000000000     
         0.0000000000000000        0.0000000000000000        1.0000000000000000     

 !NewElementMapDefinition
         266       13756
         1.0000000000000000        0.0000000000000000        0.0000000000000000     
         0.0000000000000000        1.0000000000000000        0.0000000000000000     
         0.0000000000000000        0.0000000000000000        1.0000000000000000     

 !NewElementMapDefinition
         267       18046
         0.0000000000000000        0.0000000000000000        0.0000000000000000     
         1.0000000000000000        0.0000000000000000        0.0000000000000000     
         0.0000000000000000        1.0000000000000000        0.0000000000000000     

 !NewElementMapDefinition
         268       17502
         1.0000000000000000        0.0000000000000000        0.0000000000000000     
         0.0000000000000000        1.0000000000000000        0.0000000000000000     
         0.0000000000000000        0.0000000000000000        1.0000000000000000     

 !NewElementMapDefinition
         269       18447
         0.0000000000000000        0.0000000000000000        0.0000000000000000     
         0.0000000000000000        1.0000000000000000        0.0000000000000000     
         0.0000000000000000        0.0000000000000000        1.0000000000000000     

 !NewElementMapDefinition
         270       18057
         0.0000000000000000        0.0000000000000000        0.0000000000000000     
         1.0000000000000000        0.0000000000000000        0.0000000000000000     
         0.0000000000000000        1.0000000000000000        0.0000000000000000     

 !NewElementMapDefinition
         271       17188
         0.0000000000000000        0.0000000000000000        0.0000000000000000     
         1.0000000000000000        0.0000000000000000        0.0000000000000000     
         0.0000000000000000        1.0000000000000000        0.0000000000000000     

 !NewElementMapDefinition
         272       17357
         0.0000000000000000        0.0000000000000000        0.0000000000000000     
         1.0000000000000000        0.0000000000000000        0.0000000000000000     
         0.0000000000000000        1.0000000000000000        0.0000000000000000     

 !NewElementMapDefinition
         273       16897
         0.0000000000000000        0.0000000000000000        0.0000000000000000     
         1.0000000000000000        0.0000000000000000        0.0000000000000000     
         0.0000000000000000        1.0000000000000000        0.0000000000000000     

 !NewElementMapDefinition
         274       17121
         0.0000000000000000        0.0000000000000000        0.0000000000000000     
         1.0000000000000000        0.0000000000000000        0.0000000000000000     
         0.0000000000000000        1.0000000000000000        0.0000000000000000     

 !NewElementMapDefinition
         275       16431
         0.0000000000000000        0.0000000000000000        0.0000000000000000     
         1.0000000000000000        0.0000000000000000        0.0000000000000000     
         0.0000000000000000        1.0000000000000000        0.0000000000000000     

 !NewElementMapDefinition
         276       17241
         0.0000000000000000        0.0000000000000000        0.0000000000000000     
         1.0000000000000000        0.0000000000000000        0.0000000000000000     
         0.0000000000000000        1.0000000000000000        0.0000000000000000     

 !NewElementMapDefinition
         277       16857
         0.0000000000000000        0.0000000000000000        0.0000000000000000     
         1.0000000000000000        0.0000000000000000        0.0000000000000000     
         0.0000000000000000        1.0000000000000000        0.0000000000000000     

 !NewElementMapDefinition
         278       17861
         0.0000000000000000        0.0000000000000000        0.0000000000000000     
         1.0000000000000000        0.0000000000000000        0.0000000000000000     
         0.0000000000000000        1.0000000000000000        0.0000000000000000     

 !NewElementMapDefinition
         279       17473
         0.0000000000000000        0.0000000000000000        0.0000000000000000     
         1.0000000000000000        0.0000000000000000        0.0000000000000000     
         0.0000000000000000        1.0000000000000000        0.0000000000000000     

 !NewElementMapDefinition
         280       15863
         0.0000000000000000        0.0000000000000000        0.0000000000000000     
         1.0000000000000000        0.0000000000000000        0.0000000000000000     
         0.0000000000000000        1.0000000000000000        0.0000000000000000     

 !NewElementMapDefinition
         281       17796
         1.0000000000000000        0.0000000000000000        0.0000000000000000     
         0.0000000000000000        1.0000000000000000        0.0000000000000000     
         0.0000000000000000        0.0000000000000000        1.0000000000000000     

 !NewElementMapDefinition
         282       13619
         0.0000000000000000        0.0000000000000000        0.0000000000000000     
         1.0000000000000000        0.0000000000000000        0.0000000000000000     
         0.0000000000000000        1.0000000000000000        0.0000000000000000     

 !NewElementMapDefinition
         283       16300
         0.0000000000000000        0.0000000000000000        0.0000000000000000     
         1.0000000000000000        0.0000000000000000        0.0000000000000000     
         0.0000000000000000        1.0000000000000000        0.0000000000000000     

 !NewElementMapDefinition
         284       16938
         0.0000000000000000        0.0000000000000000        0.0000000000000000     
         1.0000000000000000        0.0000000000000000        0.0000000000000000     
         0.0000000000000000        1.0000000000000000        0.0000000000000000     

 !NewElementMapDefinition
         285       16460
         0.0000000000000000        0.0000000000000000        0.0000000000000000     
         1.0000000000000000        0.0000000000000000        0.0000000000000000     
         0.0000000000000000        1.0000000000000000        0.0000000000000000     

 !NewElementMapDefinition
         286       16789
         0.0000000000000000        0.0000000000000000        0.0000000000000000     
         1.0000000000000000        0.0000000000000000        0.0000000000000000     
         0.0000000000000000        1.0000000000000000        0.0000000000000000     

 !NewElementMapDefinition
         287       17924
         0.0000000000000000        0.0000000000000000        0.0000000000000000     
         1.0000000000000000        0.0000000000000000        0.0000000000000000     
         0.0000000000000000        1.0000000000000000        0.0000000000000000     

 !NewElementMapDefinition
         288       17848
         0.0000000000000000        0.0000000000000000        0.0000000000000000     
         1.0000000000000000        0.0000000000000000        0.0000000000000000     
         0.0000000000000000        1.0000000000000000        0.0000000000000000     

 !NewElementMapDefinition
         289       17467
         0.0000000000000000        0.0000000000000000        0.0000000000000000     
         1.0000000000000000        0.0000000000000000        0.0000000000000000     
         0.0000000000000000        1.0000000000000000        0.0000000000000000     

 !NewElementMapDefinition
         290       16680
         0.0000000000000000        0.0000000000000000        0.0000000000000000     
         1.0000000000000000        0.0000000000000000        0.0000000000000000     
         0.0000000000000000        1.0000000000000000        0.0000000000000000     

 !NewElementMapDefinition
         291       17738
         0.0000000000000000        0.0000000000000000        0.0000000000000000     
         1.0000000000000000        0.0000000000000000        0.0000000000000000     
         0.0000000000000000        1.0000000000000000        0.0000000000000000     

 !NewElementMapDefinition
         292       16153
         0.0000000000000000        0.0000000000000000        0.0000000000000000     
         1.0000000000000000        0.0000000000000000        0.0000000000000000     
         0.0000000000000000        1.0000000000000000        0.0000000000000000     

 !NewElementMapDefinition
         293       17555
         0.0000000000000000        0.0000000000000000        0.0000000000000000     
         1.0000000000000000        0.0000000000000000        0.0000000000000000     
         0.0000000000000000        1.0000000000000000        0.0000000000000000     

 !NewElementMapDefinition
         294       16797
         0.0000000000000000        0.0000000000000000        0.0000000000000000     
         1.0000000000000000        0.0000000000000000        0.0000000000000000     
         0.0000000000000000        1.0000000000000000        0.0000000000000000     

 !NewElementMapDefinition
         295       16801
         0.0000000000000000        0.0000000000000000        0.0000000000000000     
         1.0000000000000000        0.0000000000000000        0.0000000000000000     
         0.0000000000000000        1.0000000000000000        0.0000000000000000     

 !NewElementMapDefinition
         296       17443
         1.0000000000000000        0.0000000000000000        0.0000000000000000     
         0.0000000000000000        1.0000000000000000        0.0000000000000000     
         0.0000000000000000        0.0000000000000000        1.0000000000000000     

 !NewElementMapDefinition
         297       15218
         0.0000000000000000        0.0000000000000000        0.0000000000000000     
         1.0000000000000000        0.0000000000000000        0.0000000000000000     
         0.0000000000000000        0.0000000000000000        1.0000000000000000     

 !NewElementMapDefinition
         298       14592
         0.0000000000000000        0.0000000000000000        0.0000000000000000     
         1.0000000000000000        0.0000000000000000        0.0000000000000000     
         0.0000000000000000        1.0000000000000000        0.0000000000000000     

 !NewElementMapDefinition
         299       16564
         0.0000000000000000        0.0000000000000000        0.0000000000000000     
         0.0000000000000000        1.0000000000000000        0.0000000000000000     
         0.0000000000000000        0.0000000000000000        1.0000000000000000     

 !NewElementMapDefinition
         300       14593
         1.0000000000000000        0.0000000000000000        0.0000000000000000     
         0.0000000000000000        1.0000000000000000        0.0000000000000000     
         0.0000000000000000        0.0000000000000000        1.0000000000000000     

 !NewElementMapDefinition
         301       14834
         0.0000000000000000        0.0000000000000000        0.0000000000000000     
         1.0000000000000000        0.0000000000000000        0.0000000000000000     
         0.0000000000000000        1.0000000000000000        0.0000000000000000     

 !NewElementMapDefinition
         302       17970
         0.0000000000000000        0.0000000000000000        0.0000000000000000     
         1.0000000000000000        0.0000000000000000        0.0000000000000000     
         0.0000000000000000        1.0000000000000000        0.0000000000000000     

 !NewElementMapDefinition
         303       15298
         0.0000000000000000        0.0000000000000000        0.0000000000000000     
         1.0000000000000000        0.0000000000000000        0.0000000000000000     
         0.0000000000000000        1.0000000000000000        0.0000000000000000     

 !NewElementMapDefinition
         304       14968
         0.0000000000000000        0.0000000000000000        0.0000000000000000     
         1.0000000000000000        0.0000000000000000        0.0000000000000000     
         0.0000000000000000        1.0000000000000000        0.0000000000000000     

 !NewElementMapDefinition
         305       18107
         0.0000000000000000        0.0000000000000000        0.0000000000000000     
         1.0000000000000000        0.0000000000000000        0.0000000000000000     
         0.0000000000000000        1.0000000000000000        0.0000000000000000     

 !NewElementMapDefinition
         306       14448
         0.0000000000000000        0.0000000000000000        0.0000000000000000     
         1.0000000000000000        0.0000000000000000        0.0000000000000000     
         0.0000000000000000        1.0000000000000000        0.0000000000000000     

 !NewElementMapDefinition
         307       17342
         0.0000000000000000        0.0000000000000000        0.0000000000000000     
         1.0000000000000000        0.0000000000000000        0.0000000000000000     
         0.0000000000000000        1.0000000000000000        0.0000000000000000     

 !NewElementMapDefinition
         308       15071
         0.0000000000000000        0.0000000000000000        0.0000000000000000     
         1.0000000000000000        0.0000000000000000        0.0000000000000000     
         0.0000000000000000        1.0000000000000000        0.0000000000000000     

 !NewElementMapDefinition
         309       17201
         0.0000000000000000        0.0000000000000000        0.0000000000000000     
         1.0000000000000000        0.0000000000000000        0.0000000000000000     
         0.0000000000000000        1.0000000000000000        0.0000000000000000     

 !NewElementMapDefinition
         310       15900
         0.0000000000000000        0.0000000000000000        0.0000000000000000     
         1.0000000000000000        0.0000000000000000        0.0000000000000000     
         0.0000000000000000        1.0000000000000000        0.0000000000000000     

 !NewElementMapDefinition
         311       17039
         0.0000000000000000        0.0000000000000000        0.0000000000000000     
         1.0000000000000000        0.0000000000000000        0.0000000000000000     
         0.0000000000000000        1.0000000000000000        0.0000000000000000     

 !NewElementMapDefinition
         312       18149
         0.0000000000000000        0.0000000000000000        0.0000000000000000     
         1.0000000000000000        0.0000000000000000        0.0000000000000000     
         0.0000000000000000        1.0000000000000000        0.0000000000000000     

 !NewElementMapDefinition
         313       16463
         0.0000000000000000        0.0000000000000000        0.0000000000000000     
         1.0000000000000000        0.0000000000000000        0.0000000000000000     
         0.0000000000000000        1.0000000000000000        0.0000000000000000     

 !NewElementMapDefinition
         314       14689
         1.0000000000000000        0.0000000000000000        0.0000000000000000     
         0.0000000000000000        1.0000000000000000        0.0000000000000000     
         0.0000000000000000        0.0000000000000000        1.0000000000000000     

 !NewElementMapDefinition
         315       16175
         1.0000000000000000        0.0000000000000000        0.0000000000000000     
         0.0000000000000000        1.0000000000000000        0.0000000000000000     
         0.0000000000000000        0.0000000000000000        1.0000000000000000     

 !NewElementMapDefinition
         316       16398
         1.0000000000000000        0.0000000000000000        0.0000000000000000     
         0.0000000000000000        1.0000000000000000        0.0000000000000000     
         0.0000000000000000        0.0000000000000000        1.0000000000000000     

 !NewElementMapDefinition
         317       16982
         0.0000000000000000        0.0000000000000000        0.0000000000000000     
         1.0000000000000000        0.0000000000000000        0.0000000000000000     
         0.0000000000000000        0.0000000000000000        1.0000000000000000     

 !NewElementMapDefinition
         318       15813
         0.0000000000000000        0.0000000000000000        0.0000000000000000     
         1.0000000000000000        0.0000000000000000        0.0000000000000000     
         0.0000000000000000        1.0000000000000000        0.0000000000000000     

 !NewElementMapDefinition
         319       17232
         0.0000000000000000        0.0000000000000000        0.0000000000000000     
         1.0000000000000000        0.0000000000000000        0.0000000000000000     
         0.0000000000000000        1.0000000000000000        0.0000000000000000     

 !NewElementMapDefinition
         320       16964
         0.0000000000000000        0.0000000000000000        0.0000000000000000     
         1.0000000000000000        0.0000000000000000        0.0000000000000000     
         0.0000000000000000        1.0000000000000000        0.0000000000000000     

 !NewElementMapDefinition
         321       15273
         0.0000000000000000        0.0000000000000000        0.0000000000000000     
         1.0000000000000000        0.0000000000000000        0.0000000000000000     
         0.0000000000000000        0.0000000000000000        1.0000000000000000     

 !NewElementMapDefinition
         322       15329
         0.0000000000000000        0.0000000000000000        0.0000000000000000     
         1.0000000000000000        0.0000000000000000        0.0000000000000000     
         0.0000000000000000        1.0000000000000000        0.0000000000000000     
